"unitid","month","t2m","cloud_amt","prectotcorr"
100654,1,37.994,59.68,3.68
100654,2,41.774,64.7,4.74
100654,3,50.486,59.75,3.91
100654,4,59.576,52.82,4.11
100654,5,68.072,53.7,3.79
100654,6,76.028,51.38,3.5
100654,7,79.466,54.09,3.95
100654,8,79.304,51.62,3.33
100654,9,73.148,46.12,3.19
100654,10,61.358,44.9,3.11
100654,11,49.37,48.12,3.46
100654,12,41.54,61.35,4.67
100663,1,42.008,56.43,3.73
100663,2,46.094,61.96,4.85
100663,3,54.14,58.25,4.16
100663,4,62.114,50.82,4.07
100663,5,70.25,52.49,3.69
100663,6,77.972,53.3,3.67
100663,7,81.032,55.71,3.9
100663,8,80.69,53.07,3.43
100663,9,75.002,46.32,3.08
100663,10,64.22,42.64,2.58
100663,11,52.484,46.14,3.4
100663,12,45.158,58.77,4.48
100706,1,39.2,59.68,3.83
100706,2,43.07,64.7,4.77
100706,3,51.584,59.75,4.03
100706,4,60.314,52.82,4.16
100706,5,68.684,53.7,3.79
100706,6,76.55,51.38,3.43
100706,7,79.88,54.09,3.9
100706,8,79.718,51.62,3.34
100706,9,73.706,46.12,3.31
100706,10,62.186,44.9,3.01
100706,11,50.27,48.12,3.49
100706,12,42.62,61.35,4.86
100724,1,44.492,54.75,3.58
100724,2,48.758,59.72,4.6
100724,3,56.138,56.17,4.25
100724,4,63.734,49.8,3.83
100724,5,72.104,49.74,3.53
100724,6,79.502,53.32,3.68
100724,7,81.968,54.78,4.07
100724,8,81.626,53.41,3.83
100724,9,76.73,45.22,2.92
100724,10,66.452,40.68,2.32
100724,11,54.878,44.24,3.23
100724,12,47.624,57.62,4.49
100751,1,43.7,56.71,3.9
100751,2,47.84,62.94,5.2
100751,3,55.706,58.54,4.32
100751,4,63.338,52.2,4.3
100751,5,71.132,52.92,3.56
100751,6,78.476,51.96,3.7
100751,7,81.176,53.62,3.96
100751,8,80.78,51.08,3.77
100751,9,75.524,44.74,3.21
100751,10,65.012,42.36,2.61
100751,11,53.636,46.97,3.46
100751,12,46.67,58.95,4.57
100830,1,44.492,54.75,3.58
100830,2,48.758,59.72,4.6
100830,3,56.138,56.17,4.25
100830,4,63.734,49.8,3.83
100830,5,72.104,49.74,3.53
100830,6,79.502,53.32,3.68
100830,7,81.968,54.78,4.07
100830,8,81.626,53.41,3.83
100830,9,76.73,45.22,2.92
100830,10,66.452,40.68,2.32
100830,11,54.878,44.24,3.23
100830,12,47.624,57.62,4.49
100858,1,44.492,53.74,3.4
100858,2,48.614,58.53,4.28
100858,3,55.922,55.31,4.01
100858,4,63.572,48.89,3.83
100858,5,71.924,49.49,3.33
100858,6,79.142,54.49,3.61
100858,7,81.59,55.43,3.93
100858,8,81.05,54.88,3.75
100858,9,75.902,46.55,2.87
100858,10,65.912,41.25,2.32
100858,11,54.68,43.84,3.21
100858,12,47.624,56.49,4.46
101435,1,44.492,54.75,3.58
101435,2,48.758,59.72,4.6
101435,3,56.138,56.17,4.25
101435,4,63.734,49.8,3.83
101435,5,72.104,49.74,3.53
101435,6,79.502,53.32,3.68
101435,7,81.968,54.78,4.07
101435,8,81.626,53.41,3.83
101435,9,76.73,45.22,2.92
101435,10,66.452,40.68,2.32
101435,11,54.878,44.24,3.23
101435,12,47.624,57.62,4.49
101480,1,40.532,55.98,3.62
101480,2,44.366,61.29,4.41
101480,3,52.412,57.9,3.9
101480,4,60.728,50.52,3.62
101480,5,69.116,51.05,3.66
101480,6,76.946,53.01,3.35
101480,7,80.024,54.54,3.69
101480,8,79.556,52.83,3.08
101480,9,73.616,46.49,3.1
101480,10,62.456,43.09,2.69
101480,11,50.936,45.32,3.4
101480,12,43.682,58.84,4.33
101587,1,44.474,55.84,3.89
101587,2,48.758,60.92,5.16
101587,3,56.516,57.52,4.49
101587,4,64.202,52.18,4.38
101587,5,72.374,51.55,3.51
101587,6,79.934,51.23,4.08
101587,7,82.364,54.71,4.17
101587,8,82.022,51.36,3.95
101587,9,77.018,43.37,3.15
101587,10,66.47,41.31,2.91
101587,11,54.644,46.26,3.4
101587,12,47.462,58.96,4.66
101709,1,43.268,56.43,3.77
101709,2,47.426,61.96,4.99
101709,3,55.166,58.25,4.33
101709,4,62.87,50.82,4.02
101709,5,70.808,52.49,3.66
101709,6,78.152,53.3,3.72
101709,7,80.78,55.71,3.96
101709,8,80.402,53.07,3.66
101709,9,75.038,46.32,2.99
101709,10,64.58,42.64,2.44
101709,11,53.222,46.14,3.44
101709,12,46.256,58.77,4.39
101879,1,38.048,58.25,3.62
101879,2,41.792,64.45,4.79
101879,3,50.63,59.59,3.94
101879,4,59.756,53.15,4.14
101879,5,68.144,54.29,3.97
101879,6,75.884,50.26,3.55
101879,7,79.484,52.47,3.89
101879,8,79.502,49.55,3.44
101879,9,73.202,45,3.32
101879,10,61.412,44.51,3.34
101879,11,49.352,47.83,3.31
101879,12,41.558,60.2,4.56
102049,1,42.008,56.43,3.73
102049,2,46.094,61.96,4.85
102049,3,54.14,58.25,4.16
102049,4,62.114,50.82,4.07
102049,5,70.25,52.49,3.69
102049,6,77.972,53.3,3.67
102049,7,81.032,55.71,3.9
102049,8,80.69,53.07,3.43
102049,9,75.002,46.32,3.08
102049,10,64.22,42.64,2.58
102049,11,52.484,46.14,3.4
102049,12,45.158,58.77,4.48
102094,1,52.61,58.48,3.28
102094,2,55.958,60.26,4.11
102094,3,61.61,53.31,3.9
102094,4,68.126,47.45,4.27
102094,5,75.416,43.66,3.81
102094,6,81.446,50.25,5.77
102094,7,82.904,57.6,5.81
102094,8,82.796,55.58,5.97
102094,9,79.466,44.06,4.74
102094,10,71.474,39.98,3.26
102094,11,62.042,46.06,2.83
102094,12,56.012,61.17,4.48
102234,1,52.61,58.48,3.28
102234,2,55.958,60.26,4.11
102234,3,61.61,53.31,3.9
102234,4,68.126,47.45,4.27
102234,5,75.416,43.66,3.81
102234,6,81.446,50.25,5.77
102234,7,82.904,57.6,5.81
102234,8,82.796,55.58,5.97
102234,9,79.466,44.06,4.74
102234,10,71.474,39.98,3.26
102234,11,62.042,46.06,2.83
102234,12,56.012,61.17,4.48
102368,1,45.59,53.11,3.45
102368,2,49.838,56.89,4.09
102368,3,57.002,51.84,3.97
102368,4,64.598,47.43,3.76
102368,5,73.076,47.52,3.27
102368,6,79.934,53.64,4.06
102368,7,81.788,54.8,4.28
102368,8,81.266,54.33,4.13
102368,9,76.406,46,3.13
102368,10,66.578,40.18,2.36
102368,11,55.562,41.98,3.14
102368,12,48.632,54.27,4.54
102377,1,44.492,53.74,3.4
102377,2,48.614,58.53,4.28
102377,3,55.922,55.31,4.01
102377,4,63.572,48.89,3.83
102377,5,71.924,49.49,3.33
102377,6,79.142,54.49,3.61
102377,7,81.59,55.43,3.93
102377,8,81.05,54.88,3.75
102377,9,75.902,46.55,2.87
102377,10,65.912,41.25,2.32
102377,11,54.68,43.84,3.21
102377,12,47.624,56.49,4.46
104151,1,52.538,41.11,1.07
104151,2,55.166,42.38,1.14
104151,3,62.312,35.4,0.68
104151,4,69.098,28.25,0.28
104151,5,78.656,22.57,0.19
104151,6,89.528,18.19,0.07
104151,7,93.038,48.73,1.06
104151,8,91.328,43.4,1.08
104151,9,85.946,27.13,0.74
104151,10,74.156,25.19,0.46
104151,11,62.276,32.46,0.64
104151,12,51.764,42.88,1.01
104179,1,50,37.46,0.79
104179,2,52.196,39.33,0.74
104179,3,58.838,33.55,0.45
104179,4,65.372,26.78,0.26
104179,5,74.174,21.87,0.13
104179,6,84.704,21.09,0.28
104179,7,84.92,56.04,2.68
104179,8,83.57,48.44,2.08
104179,9,79.466,30.31,1.34
104179,10,69.674,23.43,0.47
104179,11,59.036,30.3,0.48
104179,12,49.496,38.62,0.86
104717,1,52.538,39.68,1.07
104717,2,55.166,40.27,1.14
104717,3,62.312,34.48,0.68
104717,4,69.098,27.64,0.28
104717,5,78.656,22.41,0.19
104717,6,89.528,17.46,0.07
104717,7,93.038,42.72,1.06
104717,8,91.328,38.38,1.08
104717,9,85.946,24.54,0.74
104717,10,74.156,23.66,0.46
104717,11,62.276,32.04,0.64
104717,12,51.764,41.48,1.01
106245,1,39.92,55.87,2.78
106245,2,43.394,62.25,4.14
106245,3,52.7,59.15,4.24
106245,4,61.79,55.41,4.73
106245,5,70.25,57.84,4.85
106245,6,79.25,49.56,3.12
106245,7,82.994,48.49,3.08
106245,8,82.382,45.29,3.45
106245,9,75.182,40.64,2.93
106245,10,63.068,44.39,3.79
106245,11,51.386,49.57,3.51
106245,12,42.566,56.4,4.35
106342,1,35.744,55.65,2.47
106342,2,39.218,61.77,3.3
106342,3,49.118,59.17,3.87
106342,4,58.946,55.48,4.28
106342,5,67.478,57.43,4.51
106342,6,75.83,47.05,2.77
106342,7,79.664,48.14,3.06
106342,8,78.926,46.39,3.15
106342,9,71.816,41.85,2.84
106342,10,59.666,45.29,3.3
106342,11,48.182,50.18,3.36
106342,12,38.75,57.78,3.41
106397,1,34.7,55.42,2.06
106397,2,38.426,61.66,2.38
106397,3,48.344,59.53,3.36
106397,4,57.704,56.1,4.09
106397,5,66.29,58.01,4.88
106397,6,75.236,48.47,3.6
106397,7,80.276,45.6,3.18
106397,8,79.232,45.87,3.4
106397,9,71.384,41.13,3.21
106397,10,58.856,46,3.59
106397,11,47.498,49.69,2.55
106397,12,37.634,57.65,2.39
106412,1,41.234,55.87,3.21
106412,2,44.6,62.25,4.34
106412,3,53.87,59.15,4.21
106412,4,62.834,55.41,4.66
106412,5,71.456,57.84,4.32
106412,6,80.42,49.56,2.97
106412,7,83.858,48.49,2.9
106412,8,83.408,45.29,3.21
106412,9,76.712,40.64,2.64
106412,10,64.4,44.39,3.88
106412,11,52.538,49.57,3.37
106412,12,43.988,56.4,4.63
106458,1,36.806,57.43,2.61
106458,2,40.28,62.27,3.64
106458,3,50.234,58.58,3.96
106458,4,60.242,53.85,4.29
106458,5,68.918,55.21,4.49
106458,6,77.09,46.15,2.73
106458,7,80.294,47.43,3.06
106458,8,79.736,44.67,2.98
106458,9,73.04,40.4,2.64
106458,10,60.908,43.78,3.29
106458,11,49.01,48.79,3.5
106458,12,39.92,58.85,3.8
106467,1,36.482,54.78,2.49
106467,2,40.046,61.92,3.26
106467,3,49.532,59.23,4.07
106467,4,59,56.11,4.31
106467,5,67.532,58.7,4.73
106467,6,76.514,49.46,2.97
106467,7,81.032,47.37,3.14
106467,8,80.24,46.51,3.48
106467,9,72.644,42.08,3.15
106467,10,60.368,46.23,3.43
106467,11,48.794,50.99,3.35
106467,12,39.326,57.1,3.25
106704,1,38.228,55.25,2.66
106704,2,41.882,61.12,3.82
106704,3,51.296,58.86,4.17
106704,4,60.638,55.87,4.48
106704,5,69.278,58.28,4.98
106704,6,78.44,49.45,2.97
106704,7,82.58,48.23,3.13
106704,8,81.968,46.16,3.49
106704,9,74.624,41.62,3.06
106704,10,62.294,45.88,3.6
106704,11,50.396,51.2,3.61
106704,12,41.054,57.14,4.15
107044,1,38.75,55.65,2.73
107044,2,42.368,61.77,3.9
107044,3,51.836,59.17,4.1
107044,4,61.25,55.48,4.46
107044,5,69.71,57.43,4.8
107044,6,78.26,47.05,2.78
107044,7,82.04,48.14,2.91
107044,8,81.752,46.39,3.23
107044,9,74.768,41.85,2.81
107044,10,62.69,45.29,3.47
107044,11,50.864,50.18,3.57
107044,12,41.702,57.78,4.3
107071,1,41.306,55,2.92
107071,2,44.888,62.3,4.29
107071,3,53.996,59.78,4.45
107071,4,62.726,56.61,4.85
107071,5,71.276,58.79,4.92
107071,6,79.988,49.86,3.36
107071,7,83.516,48.86,3.45
107071,8,83.084,45.76,3.51
107071,9,76.01,41.8,3.07
107071,10,64.022,45.08,4.03
107071,11,52.394,50.93,3.24
107071,12,43.808,56.8,4.19
107080,1,38.228,55.25,2.66
107080,2,41.882,61.12,3.82
107080,3,51.296,58.86,4.17
107080,4,60.638,55.87,4.48
107080,5,69.278,58.28,4.98
107080,6,78.44,49.45,2.97
107080,7,82.58,48.23,3.13
107080,8,81.968,46.16,3.49
107080,9,74.624,41.62,3.06
107080,10,62.294,45.88,3.6
107080,11,50.396,51.2,3.61
107080,12,41.054,57.14,4.15
107512,1,41.306,55,2.92
107512,2,44.888,62.3,4.29
107512,3,53.996,59.78,4.45
107512,4,62.726,56.61,4.85
107512,5,71.276,58.79,4.92
107512,6,79.988,49.86,3.36
107512,7,83.516,48.86,3.45
107512,8,83.084,45.76,3.51
107512,9,76.01,41.8,3.07
107512,10,64.022,45.08,4.03
107512,11,52.394,50.93,3.24
107512,12,43.808,56.8,4.19
107558,1,36.734,54.78,2.43
107558,2,40.46,61.92,2.94
107558,3,49.982,59.23,3.88
107558,4,59.252,56.11,4.32
107558,5,67.784,58.7,4.88
107558,6,76.982,49.46,3.25
107558,7,81.716,47.37,3.2
107558,8,80.798,46.51,3.57
107558,9,73.04,42.08,3.39
107558,10,60.638,46.23,3.58
107558,11,49.1,50.99,3.14
107558,12,39.524,57.1,2.94
107983,1,42.476,54.72,3.1
107983,2,45.968,62.21,4.33
107983,3,54.95,58.79,4.29
107983,4,63.374,54.71,4.44
107983,5,71.96,56.49,4.28
107983,6,80.564,48.28,3.21
107983,7,83.966,48.09,3.21
107983,8,83.624,44.81,3.17
107983,9,76.73,42.6,3.01
107983,10,64.76,41.94,4.04
107983,11,53.258,49.08,3
107983,12,44.924,56.16,4.29
109785,1,53.672,43.59,2.35
109785,2,53.87,40.48,2.67
109785,3,56.804,35.11,1.35
109785,4,59.18,29.61,0.63
109785,5,63.554,22.74,0.28
109785,6,68.63,14.73,0.02
109785,7,74.138,19.68,0.07
109785,8,74.984,15.95,0.03
109785,9,73.454,14.42,0.11
109785,10,67.046,22.64,0.54
109785,11,59.882,33.16,0.84
109785,12,53.204,43.35,2.1
110097,1,53.672,52.28,2.35
110097,2,53.87,54.13,2.67
110097,3,56.804,55.97,1.35
110097,4,59.18,51.62,0.63
110097,5,63.554,58.69,0.28
110097,6,68.63,68.33,0.02
110097,7,74.138,63.15,0.07
110097,8,74.984,55.36,0.03
110097,9,73.454,47.69,0.11
110097,10,67.046,47.58,0.54
110097,11,59.882,47.77,0.84
110097,12,53.204,51.54,2.1
110361,1,50.828,41.03,1.87
110361,2,51.566,43.15,2.23
110361,3,55.706,42.87,1.04
110361,4,58.928,40.09,0.61
110361,5,64.598,43.31,0.24
110361,6,71.438,42.16,0.02
110361,7,77.846,34.69,0.16
110361,8,78.35,29.02,0.11
110361,9,75.542,27.95,0.15
110361,10,66.668,32.99,0.5
110361,11,57.794,35.51,0.79
110361,12,50.018,41.76,1.87
110404,1,53.672,42.44,2.35
110404,2,53.87,41.54,2.67
110404,3,56.804,39.93,1.35
110404,4,59.18,34.7,0.63
110404,5,63.554,29.18,0.28
110404,6,68.63,21.1,0.02
110404,7,74.138,17.43,0.07
110404,8,74.984,13.6,0.03
110404,9,73.454,17.15,0.11
110404,10,67.046,25.09,0.54
110404,11,59.882,32.96,0.84
110404,12,53.204,42.25,2.1
110413,1,56.354,42.44,3.11
110413,2,56.192,41.54,3.03
110413,3,58.136,39.93,1.89
110413,4,59.648,34.7,0.71
110413,5,62.708,29.18,0.33
110413,6,65.912,21.1,0.03
110413,7,69.854,17.43,0.04
110413,8,71.294,13.6,0.01
110413,9,71.564,17.15,0.09
110413,10,67.532,25.09,0.61
110413,11,61.862,32.96,1.01
110413,12,56.174,42.25,2.43
110422,1,49.856,46.78,2.29
110422,2,50.612,45.31,2.21
110422,3,53.528,42.07,1.78
110422,4,56.282,35,0.86
110422,5,61.988,26.67,0.41
110422,6,67.73,18.46,0.16
110422,7,71.15,18.78,0.09
110422,8,71.006,17.52,0.07
110422,9,69.656,18.35,0.11
110422,10,63.752,26.12,0.64
110422,11,55.85,35.98,0.97
110422,12,49.586,48.36,2.2
110486,1,51.674,55.76,1.71
110486,2,53.024,46.18,1.68
110486,3,57.362,42.24,1.38
110486,4,61.862,35.51,0.88
110486,5,69.89,24.93,0.4
110486,6,78.944,12.79,0.05
110486,7,85.946,14.24,0.1
110486,8,84.128,12.39,0.06
110486,9,79.07,12.74,0.09
110486,10,68.666,25.46,0.44
110486,11,58.316,40.15,0.93
110486,12,50.846,51.71,1.89
110495,1,48.47,59.03,2.46
110495,2,50.378,50.99,2.56
110495,3,54.518,48.43,2.22
110495,4,58.838,40.11,1.3
110495,5,67.028,27.68,0.57
110495,6,76.298,14.34,0.14
110495,7,83.102,11.42,0.04
110495,8,80.942,10.85,0.03
110495,9,76.19,14.64,0.1
110495,10,66.434,27.14,0.76
110495,11,55.706,44.34,1.52
110495,12,47.984,57.76,2.94
110510,1,50.828,43.59,1.87
110510,2,51.566,40.48,2.23
110510,3,55.706,35.11,1.04
110510,4,58.928,29.61,0.61
110510,5,64.598,22.74,0.24
110510,6,71.438,14.73,0.02
110510,7,77.846,19.68,0.16
110510,8,78.35,15.95,0.11
110510,9,75.542,14.42,0.15
110510,10,66.668,22.64,0.5
110510,11,57.794,33.16,0.79
110510,12,50.018,43.35,1.87
110529,1,53.672,43.59,2.35
110529,2,53.87,40.48,2.67
110529,3,56.804,35.11,1.35
110529,4,59.18,29.61,0.63
110529,5,63.554,22.74,0.28
110529,6,68.63,14.73,0.02
110529,7,74.138,19.68,0.07
110529,8,74.984,15.95,0.03
110529,9,73.454,14.42,0.11
110529,10,67.046,22.64,0.54
110529,11,59.882,33.16,0.84
110529,12,53.204,43.35,2.1
110538,1,46.886,59.91,3.95
110538,2,49.082,56.72,4.71
110538,3,53.168,55.26,3.73
110538,4,57.794,47.29,2.02
110538,5,66.812,35.3,1.16
110538,6,76.892,20.42,0.34
110538,7,84.074,10.54,0.03
110538,8,82.382,12.68,0.06
110538,9,77.504,18.63,0.2
110538,10,66.542,31.65,1.37
110538,11,54.41,50.37,2.8
110538,12,46.58,61.56,5.75
110547,1,53.672,52.28,2.35
110547,2,53.87,54.13,2.67
110547,3,56.804,55.97,1.35
110547,4,59.18,51.62,0.63
110547,5,63.554,58.69,0.28
110547,6,68.63,68.33,0.02
110547,7,74.138,63.15,0.07
110547,8,74.984,55.36,0.03
110547,9,73.454,47.69,0.11
110547,10,67.046,47.58,0.54
110547,11,59.882,47.77,0.84
110547,12,53.204,51.54,2.1
110556,1,49.37,60.72,2.35
110556,2,51.08,49.75,2.38
110556,3,55.508,44.54,2.06
110556,4,60.026,37.58,1.25
110556,5,68.72,26.37,0.56
110556,6,78.566,14.41,0.13
110556,7,85.406,14.41,0.05
110556,8,83.174,12.76,0.04
110556,9,78.026,15.2,0.08
110556,10,67.442,27.28,0.67
110556,11,56.516,43.52,1.26
110556,12,48.506,58.01,2.55
110565,1,53.672,41.03,2.35
110565,2,53.87,43.15,2.67
110565,3,56.804,42.87,1.35
110565,4,59.18,40.09,0.63
110565,5,63.554,43.31,0.28
110565,6,68.63,42.16,0.02
110565,7,74.138,34.69,0.07
110565,8,74.984,29.02,0.03
110565,9,73.454,27.95,0.11
110565,10,67.046,32.99,0.54
110565,11,59.882,35.51,0.84
110565,12,53.204,41.76,2.1
110574,1,46.904,58.43,2.84
110574,2,48.596,58.43,3.22
110574,3,51.206,57.6,2.48
110574,4,53.456,52.67,1.35
110574,5,58.154,51.02,0.46
110574,6,63.626,44.16,0.13
110574,7,67.352,55.89,0.01
110574,8,67.604,56.53,0.02
110574,9,66.92,45.72,0.1
110574,10,61.394,44.08,0.82
110574,11,53.06,49.55,1.77
110574,12,47.048,59.14,3.68
110583,1,53.672,52.28,2.35
110583,2,53.87,54.13,2.67
110583,3,56.804,55.97,1.35
110583,4,59.18,51.62,0.63
110583,5,63.554,58.69,0.28
110583,6,68.63,68.33,0.02
110583,7,74.138,63.15,0.07
110583,8,74.984,55.36,0.03
110583,9,73.454,47.69,0.11
110583,10,67.046,47.58,0.54
110583,11,59.882,47.77,0.84
110583,12,53.204,51.54,2.1
110592,1,53.672,42.44,2.35
110592,2,53.87,41.54,2.67
110592,3,56.804,39.93,1.35
110592,4,59.18,34.7,0.63
110592,5,63.554,29.18,0.28
110592,6,68.63,21.1,0.02
110592,7,74.138,17.43,0.07
110592,8,74.984,13.6,0.03
110592,9,73.454,17.15,0.11
110592,10,67.046,25.09,0.54
110592,11,59.882,32.96,0.84
110592,12,53.204,42.25,2.1
110608,1,56.354,42.44,3.11
110608,2,56.192,41.54,3.03
110608,3,58.136,39.93,1.89
110608,4,59.648,34.7,0.71
110608,5,62.708,29.18,0.33
110608,6,65.912,21.1,0.03
110608,7,69.854,17.43,0.04
110608,8,71.294,13.6,0.01
110608,9,71.564,17.15,0.09
110608,10,67.532,25.09,0.61
110608,11,61.862,32.96,1.01
110608,12,56.174,42.25,2.43
110617,1,48.092,59.42,2.96
110617,2,49.892,53.06,3.34
110617,3,53.51,49.7,2.86
110617,4,57.398,41.75,1.68
110617,5,64.706,30.04,0.75
110617,6,72.806,17.73,0.18
110617,7,77.954,10.99,0.02
110617,8,76.712,12.05,0.03
110617,9,73.544,15.48,0.14
110617,10,65.3,29.76,0.97
110617,11,55.04,46.79,2
110617,12,47.75,60.14,3.82
110635,1,48.83,58.43,3.23
110635,2,50.522,58.43,3.62
110635,3,52.574,57.6,2.66
110635,4,54.014,52.67,1.39
110635,5,57.128,51.02,0.59
110635,6,60.764,44.16,0.2
110635,7,62.258,55.89,0.04
110635,8,63.194,56.53,0.04
110635,9,63.644,45.72,0.12
110635,10,60.53,44.08,0.95
110635,11,54.248,49.55,2.06
110635,12,49.316,59.14,4.46
110644,1,46.436,59.42,3.24
110644,2,49.154,53.06,3.58
110644,3,53.042,49.7,2.7
110644,4,56.984,41.75,1.42
110644,5,63.95,30.04,0.62
110644,6,71.546,17.73,0.16
110644,7,75.254,10.99,0.02
110644,8,74.552,12.05,0.02
110644,9,72.68,15.48,0.11
110644,10,64.796,29.76,0.91
110644,11,53.942,46.79,1.9
110644,12,46.742,60.14,3.91
110653,1,58.496,41.03,2.18
110653,2,57.74,43.15,2.58
110653,3,58.55,42.87,1.13
110653,4,59.432,40.09,0.61
110653,5,61.394,43.31,0.25
110653,6,63.95,42.16,0.02
110653,7,68.072,34.69,0.05
110653,8,69.206,29.02,0.02
110653,9,69.332,27.95,0.11
110653,10,66.884,32.99,0.48
110653,11,63.176,35.51,0.85
110653,12,58.712,41.76,2.05
110662,1,56.354,42.44,3.11
110662,2,56.192,41.54,3.03
110662,3,58.136,39.93,1.89
110662,4,59.648,34.7,0.71
110662,5,62.708,29.18,0.33
110662,6,65.912,21.1,0.03
110662,7,69.854,17.43,0.04
110662,8,71.294,13.6,0.01
110662,9,71.564,17.15,0.09
110662,10,67.532,25.09,0.61
110662,11,61.862,32.96,1.01
110662,12,56.174,42.25,2.43
110671,1,50.828,41.03,1.87
110671,2,51.566,43.15,2.23
110671,3,55.706,42.87,1.04
110671,4,58.928,40.09,0.61
110671,5,64.598,43.31,0.24
110671,6,71.438,42.16,0.02
110671,7,77.846,34.69,0.16
110671,8,78.35,29.02,0.11
110671,9,75.542,27.95,0.15
110671,10,66.668,32.99,0.5
110671,11,57.794,35.51,0.79
110671,12,50.018,41.76,1.87
110680,1,58.406,50.19,1.89
110680,2,57.74,56.2,2.43
110680,3,58.73,60.05,1.08
110680,4,59.756,60.16,0.71
110680,5,61.718,71.51,0.27
110680,6,64.382,80.77,0.15
110680,7,68.99,74.6,0.12
110680,8,70.502,68.51,0.1
110680,9,70.556,58.99,0.17
110680,10,67.226,54.11,0.55
110680,11,63.212,50.34,0.92
110680,12,58.622,50.97,2.02
110705,1,53.87,42.71,2.89
110705,2,53.492,43.06,2.77
110705,3,55.13,42.48,2.04
110705,4,56.678,35.14,0.91
110705,5,61.07,30.73,0.37
110705,6,66.452,27.35,0.1
110705,7,70.7,25.34,0.06
110705,8,70.97,21.38,0.03
110705,9,69.782,22.51,0.11
110705,10,65.012,27.39,0.7
110705,11,59,34.48,1.08
110705,12,53.582,43.04,2.31
111948,1,53.672,41.03,2.35
111948,2,53.87,43.15,2.67
111948,3,56.804,42.87,1.35
111948,4,59.18,40.09,0.63
111948,5,63.554,43.31,0.28
111948,6,68.63,42.16,0.02
111948,7,74.138,34.69,0.07
111948,8,74.984,29.02,0.03
111948,9,73.454,27.95,0.11
111948,10,67.046,32.99,0.54
111948,11,59.882,35.51,0.84
111948,12,53.204,41.76,2.1
112075,1,56.084,41.03,1.85
112075,2,55.886,43.15,2.39
112075,3,58.01,42.87,1.03
112075,4,59.702,40.09,0.66
112075,5,62.834,43.31,0.25
112075,6,66.92,42.16,0.02
112075,7,72.338,34.69,0.12
112075,8,73.436,29.02,0.09
112075,9,72.608,27.95,0.15
112075,10,67.442,32.99,0.53
112075,11,61.7,35.51,0.86
112075,12,55.76,41.76,1.92
112260,1,50.828,43.59,1.87
112260,2,51.566,40.48,2.23
112260,3,55.706,35.11,1.04
112260,4,58.928,29.61,0.61
112260,5,64.598,22.74,0.24
112260,6,71.438,14.73,0.02
112260,7,77.846,19.68,0.16
112260,8,78.35,15.95,0.11
112260,9,75.542,14.42,0.15
112260,10,66.668,22.64,0.5
112260,11,57.794,33.16,0.79
112260,12,50.018,43.35,1.87
114813,1,49.028,60.72,1.8
114813,2,51.17,49.75,1.74
114813,3,55.886,44.54,1.52
114813,4,60.854,37.58,0.91
114813,5,69.908,26.37,0.39
114813,6,79.61,14.41,0.08
114813,7,86.432,14.41,0.03
114813,8,83.876,12.76,0.02
114813,9,78.26,15.2,0.05
114813,10,67.442,27.28,0.47
114813,11,56.264,43.52,0.88
114813,12,48.416,58.01,1.88
117140,1,50.828,43.59,1.87
117140,2,51.566,40.48,2.23
117140,3,55.706,35.11,1.04
117140,4,58.928,29.61,0.61
117140,5,64.598,22.74,0.24
117140,6,71.438,14.73,0.02
117140,7,77.846,19.68,0.16
117140,8,78.35,15.95,0.11
117140,9,75.542,14.42,0.15
117140,10,66.668,22.64,0.5
117140,11,57.794,33.16,0.79
117140,12,50.018,43.35,1.87
117946,1,53.672,52.28,2.35
117946,2,53.87,54.13,2.67
117946,3,56.804,55.97,1.35
117946,4,59.18,51.62,0.63
117946,5,63.554,58.69,0.28
117946,6,68.63,68.33,0.02
117946,7,74.138,63.15,0.07
117946,8,74.984,55.36,0.03
117946,9,73.454,47.69,0.11
117946,10,67.046,47.58,0.54
117946,11,59.882,47.77,0.84
117946,12,53.204,51.54,2.1
118693,1,51.206,58.43,2.84
118693,2,51.998,58.43,3.11
118693,3,53.06,57.6,2.39
118693,4,53.384,52.67,1.28
118693,5,54.914,51.02,0.54
118693,6,56.948,44.16,0.21
118693,7,58.676,55.89,0.06
118693,8,60.098,56.53,0.07
118693,9,60.818,45.72,0.14
118693,10,59.306,44.08,0.84
118693,11,55.436,49.55,1.83
118693,12,51.8,59.14,3.72
120254,1,53.672,42.44,2.35
120254,2,53.87,41.54,2.67
120254,3,56.804,39.93,1.35
120254,4,59.18,34.7,0.63
120254,5,63.554,29.18,0.28
120254,6,68.63,21.1,0.02
120254,7,74.138,17.43,0.07
120254,8,74.984,13.6,0.03
120254,9,73.454,17.15,0.11
120254,10,67.046,25.09,0.54
120254,11,59.882,32.96,0.84
120254,12,53.204,42.25,2.1
120883,1,47.714,53.86,2.46
120883,2,50.018,50.24,2.66
120883,3,53.798,47.7,2.18
120883,4,57.578,40.71,1.3
120883,5,64.454,29.4,0.5
120883,6,71.798,16.35,0.12
120883,7,76.73,11.5,0.01
120883,8,75.434,12.3,0.02
120883,9,72.284,14.46,0.1
120883,10,64.544,25.83,0.75
120883,11,54.68,41.22,1.57
120883,12,47.66,53.87,3.16
121150,1,56.354,42.44,3.11
121150,2,56.192,41.54,3.03
121150,3,58.136,39.93,1.89
121150,4,59.648,34.7,0.71
121150,5,62.708,29.18,0.33
121150,6,65.912,21.1,0.03
121150,7,69.854,17.43,0.04
121150,8,71.294,13.6,0.01
121150,9,71.564,17.15,0.09
121150,10,67.532,25.09,0.61
121150,11,61.862,32.96,1.01
121150,12,56.174,42.25,2.43
121309,1,59,50.19,1.34
121309,2,58.172,56.2,1.84
121309,3,58.604,60.05,0.93
121309,4,59.324,60.16,0.58
121309,5,60.494,71.51,0.24
121309,6,62.492,80.77,0.87
121309,7,66.254,74.6,0.13
121309,8,67.856,68.51,0.08
121309,9,68.288,58.99,0.15
121309,10,66.344,54.11,0.46
121309,11,63.266,50.34,0.75
121309,12,59.522,50.97,1.56
121345,1,50.828,43.59,1.87
121345,2,51.566,40.48,2.23
121345,3,55.706,35.11,1.04
121345,4,58.928,29.61,0.61
121345,5,64.598,22.74,0.24
121345,6,71.438,14.73,0.02
121345,7,77.846,19.68,0.16
121345,8,78.35,15.95,0.11
121345,9,75.542,14.42,0.15
121345,10,66.668,22.64,0.5
121345,11,57.794,33.16,0.79
121345,12,50.018,43.35,1.87
121691,1,47.39,43.59,1.14
121691,2,48.398,40.48,1.27
121691,3,53.294,35.11,0.59
121691,4,57.146,29.61,0.34
121691,5,64.364,22.74,0.14
121691,6,73.004,14.73,0.01
121691,7,79.862,19.68,0.27
121691,8,79.538,15.95,0.25
121691,9,74.696,14.42,0.19
121691,10,64.382,22.64,0.33
121691,11,54.572,33.16,0.5
121691,12,46.346,43.35,1.08
122409,1,51.764,50.19,1.75
122409,2,52.322,56.2,2.47
122409,3,55.58,60.05,1.13
122409,4,58.082,60.16,0.75
122409,5,62.798,71.51,0.3
122409,6,69.116,80.77,0.06
122409,7,76.064,74.6,0.19
122409,8,76.802,68.51,0.19
122409,9,74.138,58.99,0.23
122409,10,66.236,54.11,0.59
122409,11,58.37,50.34,0.99
122409,12,51.17,50.97,1.98
122436,1,58.406,50.19,1.89
122436,2,57.74,56.2,2.43
122436,3,58.73,60.05,1.08
122436,4,59.756,60.16,0.71
122436,5,61.718,71.51,0.27
122436,6,64.382,80.77,0.15
122436,7,68.99,74.6,0.12
122436,8,70.502,68.51,0.1
122436,9,70.556,58.99,0.17
122436,10,67.226,54.11,0.55
122436,11,63.212,50.34,0.92
122436,12,58.622,50.97,2.02
122597,1,51.206,58.43,2.84
122597,2,51.998,58.43,3.11
122597,3,53.06,57.6,2.39
122597,4,53.384,52.67,1.28
122597,5,54.914,51.02,0.54
122597,6,56.948,44.16,0.21
122597,7,58.676,55.89,0.06
122597,8,60.098,56.53,0.07
122597,9,60.818,45.72,0.14
122597,10,59.306,44.08,0.84
122597,11,55.436,49.55,1.83
122597,12,51.8,59.14,3.72
122612,1,48.83,58.43,3.23
122612,2,50.522,58.43,3.62
122612,3,52.574,57.6,2.66
122612,4,54.014,52.67,1.39
122612,5,57.128,51.02,0.59
122612,6,60.764,44.16,0.2
122612,7,62.258,55.89,0.04
122612,8,63.194,56.53,0.04
122612,9,63.644,45.72,0.12
122612,10,60.53,44.08,0.95
122612,11,54.248,49.55,2.06
122612,12,49.316,59.14,4.46
122728,1,46.508,59.42,3.67
122728,2,48.074,53.06,4.21
122728,3,51.782,49.7,3.43
122728,4,56.048,41.75,1.87
122728,5,64.274,30.04,0.97
122728,6,73.292,17.73,0.26
122728,7,79.718,10.99,0.03
122728,8,78.224,12.05,0.04
122728,9,73.94,15.48,0.18
122728,10,64.274,29.76,1.18
122728,11,53.402,46.79,2.53
122728,12,46.004,60.14,4.88
122755,1,46.904,53.86,2.84
122755,2,48.596,50.24,3.22
122755,3,51.206,47.7,2.48
122755,4,53.456,40.71,1.35
122755,5,58.154,29.4,0.46
122755,6,63.626,16.35,0.13
122755,7,67.352,11.5,0.01
122755,8,67.604,12.3,0.02
122755,9,66.92,14.46,0.1
122755,10,61.394,25.83,0.82
122755,11,53.06,41.22,1.77
122755,12,47.048,53.87,3.68
122931,1,46.904,53.86,2.84
122931,2,48.596,50.24,3.22
122931,3,51.206,47.7,2.48
122931,4,53.456,40.71,1.35
122931,5,58.154,29.4,0.46
122931,6,63.626,16.35,0.13
122931,7,67.352,11.5,0.01
122931,8,67.604,12.3,0.02
122931,9,66.92,14.46,0.1
122931,10,61.394,25.83,0.82
122931,11,53.06,41.22,1.77
122931,12,47.048,53.87,3.68
123554,1,46.67,58.43,2.79
123554,2,49.262,58.43,2.89
123554,3,52.754,57.6,2.25
123554,4,55.85,52.67,1.25
123554,5,61.034,51.02,0.45
123554,6,66.614,44.16,0.12
123554,7,69.278,55.89,0.01
123554,8,69.206,56.53,0.02
123554,9,68.27,45.72,0.09
123554,10,62.528,44.08,0.71
123554,11,53.492,49.55,1.6
123554,12,46.994,59.14,3.25
123572,1,45.554,55.48,3.86
123572,2,47.498,53.14,4.35
123572,3,50.594,51.76,3.13
123572,4,53.672,44.11,1.55
123572,5,60.134,34.51,0.71
123572,6,67.802,22.16,0.21
123572,7,72.302,18.77,0.03
123572,8,71.852,20.73,0.02
123572,9,69.818,20.52,0.11
123572,10,62.204,31.33,1.11
123572,11,52.034,45.2,2.41
123572,12,45.59,57.02,5.25
123651,1,58.496,41.03,2.18
123651,2,57.74,43.15,2.58
123651,3,58.55,42.87,1.13
123651,4,59.432,40.09,0.61
123651,5,61.394,43.31,0.25
123651,6,63.95,42.16,0.02
123651,7,68.072,34.69,0.05
123651,8,69.206,29.02,0.02
123651,9,69.332,27.95,0.11
123651,10,66.884,32.99,0.48
123651,11,63.176,35.51,0.85
123651,12,58.712,41.76,2.05
123961,1,53.672,42.44,2.35
123961,2,53.87,41.54,2.67
123961,3,56.804,39.93,1.35
123961,4,59.18,34.7,0.63
123961,5,63.554,29.18,0.28
123961,6,68.63,21.1,0.02
123961,7,74.138,17.43,0.07
123961,8,74.984,13.6,0.03
123961,9,73.454,17.15,0.11
123961,10,67.046,25.09,0.54
123961,11,59.882,32.96,0.84
123961,12,53.204,42.25,2.1
125727,1,49.1,42.71,2.4
125727,2,49.1,43.06,2.62
125727,3,52.448,42.48,1.63
125727,4,55.868,35.14,0.71
125727,5,62.942,30.73,0.33
125727,6,71.132,27.35,0.03
125727,7,77,25.34,0.06
125727,8,76.406,21.38,0.03
125727,9,72.428,22.51,0.09
125727,10,63.914,27.39,0.59
125727,11,55.202,34.48,0.82
125727,12,48.326,43.04,1.95
125763,1,53.672,52.28,2.35
125763,2,53.87,54.13,2.67
125763,3,56.804,55.97,1.35
125763,4,59.18,51.62,0.63
125763,5,63.554,58.69,0.28
125763,6,68.63,68.33,0.02
125763,7,74.138,63.15,0.07
125763,8,74.984,55.36,0.03
125763,9,73.454,47.69,0.11
125763,10,67.046,47.58,0.54
125763,11,59.882,47.77,0.84
125763,12,53.204,51.54,2.1
126182,1,23.648,62.54,0.81
126182,2,26.15,57.06,0.95
126182,3,34.574,51.55,1.04
126182,4,41.774,52.09,1.29
126182,5,51.584,47.67,1.15
126182,6,63.518,38.68,0.74
126182,7,68.054,52.06,1.96
126182,8,65.156,50.17,1.61
126182,9,57.596,38.2,1.23
126182,10,44.888,36.91,0.89
126182,11,33.746,44.33,0.76
126182,12,23.702,59.53,0.97
126580,1,26.006,51.82,0.44
126580,2,26.852,54.4,0.6
126580,3,35.168,51.76,0.86
126580,4,41.936,52.9,1.39
126580,5,51.476,53.43,1.62
126580,6,63.878,44.77,1.23
126580,7,68.558,49.31,2.27
126580,8,65.57,47.81,1.89
126580,9,58.064,37.9,1.16
126580,10,44.816,41.15,0.79
126580,11,34.43,43.98,0.45
126580,12,25.52,52.81,0.46
126775,1,30.992,56.77,0.63
126775,2,31.334,59.84,0.86
126775,3,40.046,59.94,1.17
126775,4,47.354,63.65,1.8
126775,5,56.534,62.36,2.1
126775,6,69.26,49.82,1.42
126775,7,75.308,55.47,1.68
126775,8,72.356,56.26,1.4
126775,9,64.148,44.42,1.2
126775,10,49.838,47.55,1.07
126775,11,39.02,50.99,0.71
126775,12,30.038,57.26,0.69
127556,1,26.87,56.71,0.95
127556,2,30.614,64.37,1.03
127556,3,39.146,60,1.02
127556,4,46.778,58.17,1.09
127556,5,57.074,53.21,0.99
127556,6,69.872,37.78,0.51
127556,7,76.604,46.91,1.08
127556,8,72.68,46.78,1.11
127556,9,63.77,36.18,1.34
127556,10,49.136,43.33,1.24
127556,11,37.058,49.74,0.93
127556,12,26.816,60.51,1.12
127565,1,28.976,56.77,0.55
127565,2,29.534,59.84,0.76
127565,3,37.706,59.94,1.1
127565,4,44.87,63.65,1.69
127565,5,54.446,62.36,1.87
127565,6,67.01,49.82,1.41
127565,7,72.194,55.47,2
127565,8,69.224,56.26,1.68
127565,9,61.448,44.42,1.19
127565,10,47.714,47.55,0.97
127565,11,37.094,50.99,0.6
127565,12,28.292,57.26,0.6
127741,1,30.344,64.18,0.61
127741,2,30.542,63.56,0.81
127741,3,39.218,57.6,1.1
127741,4,46.58,58.1,1.73
127741,5,55.94,59.05,2.18
127741,6,68.612,46.05,1.5
127741,7,75.002,45.66,1.72
127741,8,71.87,46.56,1.41
127741,9,63.482,41.07,1.22
127741,10,49.01,48.74,1.08
127741,11,38.318,54.87,0.71
127741,12,29.318,65.05,0.68
127918,1,30.992,56.77,0.63
127918,2,31.334,59.84,0.86
127918,3,40.046,59.94,1.17
127918,4,47.354,63.65,1.8
127918,5,56.534,62.36,2.1
127918,6,69.26,49.82,1.42
127918,7,75.308,55.47,1.68
127918,8,72.356,56.26,1.4
127918,9,64.148,44.42,1.2
127918,10,49.838,47.55,1.07
127918,11,39.02,50.99,0.71
127918,12,30.038,57.26,0.69
128106,1,32.954,51.82,0.34
128106,2,34.124,54.4,0.46
128106,3,43.7,51.76,0.67
128106,4,51.134,52.9,1.21
128106,5,60.782,53.43,1.5
128106,6,73.022,44.77,1.15
128106,7,77.738,49.31,2.11
128106,8,74.372,47.81,1.8
128106,9,66.488,37.9,0.95
128106,10,52.664,41.15,0.7
128106,11,41.468,43.98,0.32
128106,12,32.36,52.81,0.34
128328,1,26.006,55.75,0.44
128328,2,26.852,57.01,0.6
128328,3,35.168,54.71,0.86
128328,4,41.936,55.02,1.39
128328,5,51.476,55.62,1.62
128328,6,63.878,45.69,1.23
128328,7,68.558,46.79,2.27
128328,8,65.57,46.74,1.89
128328,9,58.064,38.36,1.16
128328,10,44.816,43.74,0.79
128328,11,34.43,48.24,0.45
128328,12,25.52,55.69,0.46
128498,1,25.628,62.11,2.45
128498,2,27.572,60.8,2.88
128498,3,35.132,60.47,3.13
128498,4,46.688,60.31,3.49
128498,5,57.776,62.49,3.07
128498,6,67.136,59.51,3.92
128498,7,73.652,54.68,3.27
128498,8,72.518,51.82,3.5
128498,9,65.624,49.02,3.53
128498,10,53.204,56.84,3.9
128498,11,41.72,58.25,2.95
128498,12,31.964,63.56,3.59
128744,1,31.784,63.52,2.62
128744,2,32.36,61.98,3
128744,3,37.796,61.83,3.39
128744,4,47.336,61.76,3.53
128744,5,57.218,63.72,3.02
128744,6,67.1,59.39,3.67
128744,7,74.246,54.79,3.07
128744,8,74.084,53.69,3.33
128744,9,68.378,49.98,3.31
128744,10,57.866,58.24,3.86
128744,11,47.372,59.35,3.01
128744,12,38.21,65.28,3.8
128771,1,27.626,62.11,2.46
128771,2,29.138,60.8,2.89
128771,3,36.05,60.47,3.29
128771,4,46.814,60.31,3.49
128771,5,57.38,62.49,2.88
128771,6,66.866,59.51,3.56
128771,7,73.904,54.68,3
128771,8,73.166,51.82,3.01
128771,9,66.47,49.02,3.34
128771,10,54.608,56.84,3.76
128771,11,43.484,58.25,3.01
128771,12,33.98,63.56,3.56
129020,1,24.062,62.11,2.46
129020,2,26.06,60.8,2.9
129020,3,33.98,60.47,3.1
129020,4,45.86,60.31,3.43
129020,5,57.326,62.49,2.99
129020,6,66.578,59.51,3.9
129020,7,73.184,54.68,3.31
129020,8,72.032,51.82,3.31
129020,9,64.886,49.02,3.52
129020,10,52.088,56.84,3.98
129020,11,40.442,58.25,3
129020,12,30.542,63.56,3.55
129215,1,27.626,62.11,2.46
129215,2,29.138,60.8,2.89
129215,3,36.05,60.47,3.29
129215,4,46.814,60.31,3.49
129215,5,57.38,62.49,2.88
129215,6,66.866,59.51,3.56
129215,7,73.904,54.68,3
129215,8,73.166,51.82,3.01
129215,9,66.47,49.02,3.34
129215,10,54.608,56.84,3.76
129215,11,43.484,58.25,3.01
129215,12,33.98,63.56,3.56
129242,1,31.784,63.52,2.62
129242,2,32.36,61.98,3
129242,3,37.796,61.83,3.39
129242,4,47.336,61.76,3.53
129242,5,57.218,63.72,3.02
129242,6,67.1,59.39,3.67
129242,7,74.246,54.79,3.07
129242,8,74.084,53.69,3.33
129242,9,68.378,49.98,3.31
129242,10,57.866,58.24,3.86
129242,11,47.372,59.35,3.01
129242,12,38.21,65.28,3.8
129525,1,24.062,62.11,2.46
129525,2,26.06,60.8,2.9
129525,3,33.98,60.47,3.1
129525,4,45.86,60.31,3.43
129525,5,57.326,62.49,2.99
129525,6,66.578,59.51,3.9
129525,7,73.184,54.68,3.31
129525,8,72.032,51.82,3.31
129525,9,64.886,49.02,3.52
129525,10,52.088,56.84,3.98
129525,11,40.442,58.25,3
129525,12,30.542,63.56,3.55
129774,1,29.048,62.11,2.64
129774,2,30.164,60.8,2.93
129774,3,36.284,60.47,3.49
129774,4,46.274,60.31,3.57
129774,5,56.408,62.49,2.84
129774,6,65.75,59.51,3.47
129774,7,72.806,54.68,2.85
129774,8,72.446,51.82,2.81
129774,9,66.146,49.02,3.33
129774,10,55.112,56.84,3.89
129774,11,44.546,58.25,3.2
129774,12,35.402,63.56,3.71
129941,1,25.628,62.11,2.45
129941,2,27.572,60.8,2.88
129941,3,35.132,60.47,3.13
129941,4,46.688,60.31,3.49
129941,5,57.776,62.49,3.07
129941,6,67.136,59.51,3.92
129941,7,73.652,54.68,3.27
129941,8,72.518,51.82,3.5
129941,9,65.624,49.02,3.53
129941,10,53.204,56.84,3.9
129941,11,41.72,58.25,2.95
129941,12,31.964,63.56,3.59
130226,1,25.628,62.11,2.45
130226,2,27.572,60.8,2.88
130226,3,35.132,60.47,3.13
130226,4,46.688,60.31,3.49
130226,5,57.776,62.49,3.07
130226,6,67.136,59.51,3.92
130226,7,73.652,54.68,3.27
130226,8,72.518,51.82,3.5
130226,9,65.624,49.02,3.53
130226,10,53.204,56.84,3.9
130226,11,41.72,58.25,2.95
130226,12,31.964,63.56,3.59
130253,1,31.784,63.52,2.62
130253,2,32.36,61.98,3
130253,3,37.796,61.83,3.39
130253,4,47.336,61.76,3.53
130253,5,57.218,63.72,3.02
130253,6,67.1,59.39,3.67
130253,7,74.246,54.79,3.07
130253,8,74.084,53.69,3.33
130253,9,68.378,49.98,3.31
130253,10,57.866,58.24,3.86
130253,11,47.372,59.35,3.01
130253,12,38.21,65.28,3.8
130493,1,25.628,62.11,2.45
130493,2,27.572,60.8,2.88
130493,3,35.132,60.47,3.13
130493,4,46.688,60.31,3.49
130493,5,57.776,62.49,3.07
130493,6,67.136,59.51,3.92
130493,7,73.652,54.68,3.27
130493,8,72.518,51.82,3.5
130493,9,65.624,49.02,3.53
130493,10,53.204,56.84,3.9
130493,11,41.72,58.25,2.95
130493,12,31.964,63.56,3.59
130590,1,27.626,62.11,2.46
130590,2,29.138,60.8,2.89
130590,3,36.05,60.47,3.29
130590,4,46.814,60.31,3.49
130590,5,57.38,62.49,2.88
130590,6,66.866,59.51,3.56
130590,7,73.904,54.68,3
130590,8,73.166,51.82,3.01
130590,9,66.47,49.02,3.34
130590,10,54.608,56.84,3.76
130590,11,43.484,58.25,3.01
130590,12,33.98,63.56,3.56
130624,1,29.048,62.11,2.64
130624,2,30.164,60.8,2.93
130624,3,36.284,60.47,3.49
130624,4,46.274,60.31,3.57
130624,5,56.408,62.49,2.84
130624,6,65.75,59.51,3.47
130624,7,72.806,54.68,2.85
130624,8,72.446,51.82,2.81
130624,9,66.146,49.02,3.33
130624,10,55.112,56.84,3.89
130624,11,44.546,58.25,3.2
130624,12,35.402,63.56,3.71
130697,1,27.626,62.11,2.46
130697,2,29.138,60.8,2.89
130697,3,36.05,60.47,3.29
130697,4,46.814,60.31,3.49
130697,5,57.38,62.49,2.88
130697,6,66.866,59.51,3.56
130697,7,73.904,54.68,3
130697,8,73.166,51.82,3.01
130697,9,66.47,49.02,3.34
130697,10,54.608,56.84,3.76
130697,11,43.484,58.25,3.01
130697,12,33.98,63.56,3.56
130776,1,24.962,63.52,2.45
130776,2,27.05,61.98,2.76
130776,3,35.024,61.83,3.03
130776,4,46.994,61.76,3.3
130776,5,58.262,63.72,3.19
130776,6,67.478,59.39,4.05
130776,7,73.706,54.79,3.5
130776,8,72.446,53.69,3.83
130776,9,65.462,49.98,3.7
130776,10,52.808,58.24,3.98
130776,11,41.072,59.35,2.96
130776,12,31.208,65.28,3.55
130794,1,25.628,62.11,2.45
130794,2,27.572,60.8,2.88
130794,3,35.132,60.47,3.13
130794,4,46.688,60.31,3.49
130794,5,57.776,62.49,3.07
130794,6,67.136,59.51,3.92
130794,7,73.652,54.68,3.27
130794,8,72.518,51.82,3.5
130794,9,65.624,49.02,3.53
130794,10,53.204,56.84,3.9
130794,11,41.72,58.25,2.95
130794,12,31.964,63.56,3.59
130934,1,33.44,61.72,2.3
130934,2,35.402,60.48,2.57
130934,3,42.656,60.08,2.88
130934,4,53.582,58.35,3.02
130934,5,63.428,60.58,3.04
130934,6,73.004,56.01,3.65
130934,7,78.368,52.97,3.65
130934,8,77.054,52.16,3.77
130934,9,70.592,50.08,3.43
130934,10,58.982,52.7,3.5
130934,11,47.498,54.35,2.76
130934,12,38.642,62.62,3.19
130943,1,31.694,61.72,2.35
130943,2,33.71,60.48,2.61
130943,3,41.342,60.08,2.97
130943,4,52.682,58.35,3.11
130943,5,62.78,60.58,3.06
130943,6,72.32,56.01,3.97
130943,7,77.72,52.97,3.82
130943,8,76.424,52.16,3.74
130943,9,69.818,50.08,3.45
130943,10,57.632,52.7,3.51
130943,11,46.04,54.35,2.85
130943,12,36.896,62.62,3.33
130989,1,31.694,61.72,2.35
130989,2,33.71,60.48,2.61
130989,3,41.342,60.08,2.97
130989,4,52.682,58.35,3.11
130989,5,62.78,60.58,3.06
130989,6,72.32,56.01,3.97
130989,7,77.72,52.97,3.82
130989,8,76.424,52.16,3.74
130989,9,69.818,50.08,3.45
130989,10,57.632,52.7,3.51
130989,11,46.04,54.35,2.85
130989,12,36.896,62.62,3.33
131283,1,32.198,61.17,2.16
131283,2,34.34,59.84,2.49
131283,3,42.494,58.92,2.7
131283,4,53.888,56.56,3.07
131283,5,63.752,58.65,3.53
131283,6,73.112,53.69,3.94
131283,7,78.422,52.16,3.75
131283,8,77.234,51.99,3.53
131283,9,70.358,50.49,3.57
131283,10,57.92,50.8,3.38
131283,11,46.13,52.39,2.67
131283,12,36.95,60.38,3.06
131469,1,32.198,60.59,2.16
131469,2,34.34,60.69,2.49
131469,3,42.494,59.52,2.7
131469,4,53.888,58.53,3.07
131469,5,63.752,61.2,3.53
131469,6,73.112,56.22,3.94
131469,7,78.422,55.58,3.75
131469,8,77.234,54.27,3.53
131469,9,70.358,51.71,3.57
131469,10,57.92,52.09,3.38
131469,11,46.13,53.02,2.67
131469,12,36.95,60.62,3.06
131496,1,32.198,60.59,2.16
131496,2,34.34,60.69,2.49
131496,3,42.494,59.52,2.7
131496,4,53.888,58.53,3.07
131496,5,63.752,61.2,3.53
131496,6,73.112,56.22,3.94
131496,7,78.422,55.58,3.75
131496,8,77.234,54.27,3.53
131496,9,70.358,51.71,3.57
131496,10,57.92,52.09,3.38
131496,11,46.13,53.02,2.67
131496,12,36.95,60.62,3.06
132471,1,70.16,54.71,1.41
132471,2,71.834,49.6,1.73
132471,3,73.418,47.44,1.8
132471,4,76.424,48.51,2.53
132471,5,79.268,54.54,4.37
132471,6,82.346,68.97,6.38
132471,7,83.732,62.08,5.33
132471,8,84.236,62.42,5.86
132471,9,82.958,64.82,6.32
132471,10,80.402,53.25,3.99
132471,11,75.902,45.88,2.14
132471,12,73.004,52.89,1.64
132602,1,57.866,58.01,2.06
132602,2,61.556,56.85,2.25
132602,3,65.984,48.76,2.39
132602,4,71.834,45.32,2.04
132602,5,77.522,44.44,3.36
132602,6,80.51,59.06,6.57
132602,7,81.158,59.55,5.7
132602,8,81.176,59.4,6.04
132602,9,78.872,56.2,5.69
132602,10,73.364,48.34,3.04
132602,11,66.29,51.68,1.86
132602,12,61.664,59.56,1.97
132657,1,68.558,45.26,1.61
132657,2,70.43,44.09,1.82
132657,3,72.284,42.02,2.1
132657,4,75.596,42.02,2.45
132657,5,78.638,46.87,4.16
132657,6,81.518,64.44,6.64
132657,7,82.688,59.59,5.38
132657,8,83.174,58.23,6.02
132657,9,81.842,59.02,6.18
132657,10,79.034,47.72,3.75
132657,11,74.354,40.59,2.08
132657,12,71.456,44.59,1.83
132903,1,58.982,47.94,1.94
132903,2,62.87,50.32,1.98
132903,3,67.19,44.01,2.23
132903,4,72.86,43.26,1.97
132903,5,78.206,42.53,3.23
132903,6,80.69,60.86,6.92
132903,7,81.248,60.72,5.94
132903,8,81.23,58.07,6.26
132903,9,79.034,54.06,5.8
132903,10,73.868,43.04,2.9
132903,11,67.01,41.22,1.61
132903,12,62.672,48.1,1.91
133492,1,60.926,53.6,1.96
133492,2,63.716,49.1,2.1
133492,3,67.766,44.85,2.11
133492,4,73.328,43.4,1.95
133492,5,78.53,43.66,2.77
133492,6,81.59,61.54,6.86
133492,7,82.346,66.64,6.97
133492,8,82.49,63.59,7.56
133492,9,80.366,58.62,6.12
133492,10,75.542,46.73,2.3
133492,11,68.63,45.96,1.61
133492,12,64.598,52.31,1.98
133526,1,52.214,64.11,2.35
133526,2,56.174,62.1,2.88
133526,3,61.898,51.43,2.63
133526,4,69.044,45.6,2.53
133526,5,76.208,44.66,2.92
133526,6,80.456,56.74,6.24
133526,7,81.662,56.85,5.09
133526,8,81.338,58.09,5.67
133526,9,78.044,58.85,4.91
133526,10,70.646,51.23,2.63
133526,11,61.646,56.27,1.77
133526,12,56.138,66.18,2.59
133553,1,57.866,58.01,2.06
133553,2,61.556,56.85,2.25
133553,3,65.984,48.76,2.39
133553,4,71.834,45.32,2.04
133553,5,77.522,44.44,3.36
133553,6,80.51,59.06,6.57
133553,7,81.158,59.55,5.7
133553,8,81.176,59.4,6.04
133553,9,78.872,56.2,5.69
133553,10,73.364,48.34,3.04
133553,11,66.29,51.68,1.86
133553,12,61.664,59.56,1.97
133650,1,49.874,52.03,2.81
133650,2,53.942,54.14,4.06
133650,3,59.936,48.32,3.61
133650,4,67.334,45.6,3.43
133650,5,75.362,43.08,2.4
133650,6,80.564,54,5.39
133650,7,81.77,56.47,5.02
133650,8,81.518,55.47,5.48
133650,9,77.54,47.42,3.63
133650,10,69.566,40.25,2.19
133650,11,59.342,40.46,2.56
133650,12,53.312,54.07,3.8
133669,1,68.558,45.26,1.61
133669,2,70.43,44.09,1.82
133669,3,72.284,42.02,2.1
133669,4,75.596,42.02,2.45
133669,5,78.638,46.87,4.16
133669,6,81.518,64.44,6.64
133669,7,82.688,59.59,5.38
133669,8,83.174,58.23,6.02
133669,9,81.842,59.02,6.18
133669,10,79.034,47.72,3.75
133669,11,74.354,40.59,2.08
133669,12,71.456,44.59,1.83
133711,1,58.568,58.01,2.54
133711,2,60.782,56.85,2.86
133711,3,64.382,48.76,2.74
133711,4,69.854,45.32,2.25
133711,5,75.65,44.44,3.44
133711,6,79.988,59.06,6.29
133711,7,81.464,59.55,5.2
133711,8,81.644,59.4,6.15
133711,9,79.988,56.2,5.59
133711,10,74.75,48.34,3.11
133711,11,67.442,51.68,2.05
133711,12,62.312,59.56,2.71
133881,1,63.176,55.65,1.93
133881,2,65.822,53.32,1.99
133881,3,68.882,47.37,2.09
133881,4,73.4,43.08,2.07
133881,5,77.594,43.76,3.6
133881,6,80.42,58.18,7.12
133881,7,81.374,57.06,5.95
133881,8,81.788,54.85,6.58
133881,9,80.366,56.09,6.06
133881,10,76.514,47.69,3.75
133881,11,70.628,50.71,1.79
133881,12,66.686,55.62,2.2
133951,1,66.2,54.71,1.22
133951,2,69.494,49.6,1.57
133951,3,72.356,47.44,1.53
133951,4,76.514,48.51,2.12
133951,5,79.898,54.54,3.82
133951,6,82.49,68.97,6.65
133951,7,83.534,62.08,5.79
133951,8,83.912,62.42,6.08
133951,9,82.202,64.82,6.19
133951,10,78.782,53.25,3.21
133951,11,72.95,45.88,1.67
133951,12,69.53,52.89,1.4
134079,1,59.072,47.94,1.82
134079,2,63.122,50.32,1.82
134079,3,67.568,44.01,2.06
134079,4,73.346,43.26,1.91
134079,5,78.674,42.53,2.95
134079,6,80.744,60.86,7.21
134079,7,80.978,60.72,6.38
134079,8,80.888,58.07,6.59
134079,9,78.656,54.06,5.53
134079,10,73.58,43.04,2.17
134079,11,66.776,41.22,1.32
134079,12,62.762,48.1,1.8
134097,1,49.874,52.03,2.81
134097,2,53.942,54.14,4.06
134097,3,59.936,48.32,3.61
134097,4,67.334,45.6,3.43
134097,5,75.362,43.08,2.4
134097,6,80.564,54,5.39
134097,7,81.77,56.47,5.02
134097,8,81.518,55.47,5.48
134097,9,77.54,47.42,3.63
134097,10,69.566,40.25,2.19
134097,11,59.342,40.46,2.56
134097,12,53.312,54.07,3.8
134130,1,54.014,50.03,2.4
134130,2,57.992,51.49,2.71
134130,3,63.266,45.39,2.69
134130,4,70.16,42.96,2.2
134130,5,77,40.76,2.75
134130,6,80.654,56.38,6.48
134130,7,81.392,60.33,6.21
134130,8,81.086,58.18,6.72
134130,9,78.08,52.29,4.85
134130,10,71.384,42.58,2
134130,11,62.978,41.7,1.75
134130,12,57.794,51.06,2.44
134945,1,52.214,64.11,2.35
134945,2,56.174,62.1,2.88
134945,3,61.898,51.43,2.63
134945,4,69.044,45.6,2.53
134945,5,76.208,44.66,2.92
134945,6,80.456,56.74,6.24
134945,7,81.662,56.85,5.09
134945,8,81.338,58.09,5.67
134945,9,78.044,58.85,4.91
134945,10,70.646,51.23,2.63
134945,11,61.646,56.27,1.77
134945,12,56.138,66.18,2.59
135726,1,71.51,54.71,1.31
135726,2,72.77,49.6,1.6
135726,3,74.066,47.44,1.52
135726,4,76.838,48.51,2.47
135726,5,79.538,54.54,4.43
135726,6,82.652,68.97,6.38
135726,7,84.056,62.08,5.36
135726,8,84.614,62.42,5.81
135726,9,83.444,64.82,6.58
135726,10,81.068,53.25,4.09
135726,11,76.874,45.88,2.16
135726,12,74.174,52.89,1.54
136172,1,57.632,64.11,2.06
136172,2,59.414,62.1,2.69
136172,3,63.14,51.43,2.29
136172,4,68.99,45.6,2
136172,5,75.236,44.66,2.9
136172,6,79.988,56.74,5.64
136172,7,81.68,56.85,4.28
136172,8,81.95,58.09,5.47
136172,9,80.42,58.85,4.55
136172,10,75.002,51.23,2.86
136172,11,67.118,56.27,1.72
136172,12,61.394,66.18,2.36
136215,1,70.16,45.26,1.41
136215,2,71.834,44.09,1.73
136215,3,73.418,42.02,1.8
136215,4,76.424,42.02,2.53
136215,5,79.268,46.87,4.37
136215,6,82.346,64.44,6.38
136215,7,83.732,59.59,5.33
136215,8,84.236,58.23,5.86
136215,9,82.958,59.02,6.32
136215,10,80.402,47.72,3.99
136215,11,75.902,40.59,2.14
136215,12,73.004,44.59,1.64
136330,1,68.558,45.26,1.61
136330,2,70.43,44.09,1.82
136330,3,72.284,42.02,2.1
136330,4,75.596,42.02,2.45
136330,5,78.638,46.87,4.16
136330,6,81.518,64.44,6.64
136330,7,82.688,59.59,5.38
136330,8,83.174,58.23,6.02
136330,9,81.842,59.02,6.18
136330,10,79.034,47.72,3.75
136330,11,74.354,40.59,2.08
136330,12,71.456,44.59,1.83
136950,1,58.982,47.94,1.94
136950,2,62.87,50.32,1.98
136950,3,67.19,44.01,2.23
136950,4,72.86,43.26,1.97
136950,5,78.206,42.53,3.23
136950,6,80.69,60.86,6.92
136950,7,81.248,60.72,5.94
136950,8,81.23,58.07,6.26
136950,9,79.034,54.06,5.8
136950,10,73.868,43.04,2.9
136950,11,67.01,41.22,1.61
136950,12,62.672,48.1,1.91
137032,1,57.92,55.32,2.28
137032,2,61.178,53.09,2.51
137032,3,65.75,47.28,2.53
137032,4,71.924,45.97,2.1
137032,5,77.918,46.41,2.9
137032,6,81.212,63.12,7.47
137032,7,81.932,68.54,7.63
137032,8,81.914,65.46,8.01
137032,9,79.394,58.01,5.83
137032,10,73.814,47.45,2.14
137032,11,66.29,48.04,1.65
137032,12,61.718,55.15,2.22
137351,1,59.36,55.32,2.1
137351,2,62.456,53.09,2.29
137351,3,66.776,47.28,2.35
137351,4,72.626,45.97,2.1
137351,5,78.242,46.41,2.86
137351,6,81.338,63.12,7.53
137351,7,82.022,68.54,7.74
137351,8,82.058,65.46,8.13
137351,9,79.736,58.01,6.15
137351,10,74.48,47.45,2.24
137351,11,67.298,48.04,1.63
137351,12,63.104,55.15,2.1
137546,1,57.866,58.01,2.06
137546,2,61.556,56.85,2.25
137546,3,65.984,48.76,2.39
137546,4,71.834,45.32,2.04
137546,5,77.522,44.44,3.36
137546,6,80.51,59.06,6.57
137546,7,81.158,59.55,5.7
137546,8,81.176,59.4,6.04
137546,9,78.872,56.2,5.69
137546,10,73.364,48.34,3.04
137546,11,66.29,51.68,1.86
137546,12,61.664,59.56,1.97
137847,1,59.36,53.6,2.1
137847,2,62.456,49.1,2.29
137847,3,66.776,44.85,2.35
137847,4,72.626,43.4,2.1
137847,5,78.242,43.66,2.86
137847,6,81.338,61.54,7.53
137847,7,82.022,66.64,7.74
137847,8,82.058,63.59,8.13
137847,9,79.736,58.62,6.15
137847,10,74.48,46.73,2.24
137847,11,67.298,45.96,1.63
137847,12,63.104,52.31,2.1
138354,1,52.124,55.92,3.16
138354,2,55.58,57.29,4.14
138354,3,61.088,50.9,3.71
138354,4,67.478,45.98,4.17
138354,5,74.822,41.7,3.38
138354,6,80.87,50.13,5.66
138354,7,82.256,55.93,5.65
138354,8,82.022,54.83,5.72
138354,9,78.584,44.55,4.78
138354,10,70.61,38.88,3.28
138354,11,61.214,42.05,2.88
138354,12,55.454,57.59,4.39
138947,1,41.648,53.37,3.31
138947,2,45.446,59.38,4.2
138947,3,53.078,55.58,3.86
138947,4,61.214,49.74,3.32
138947,5,69.728,50.65,3.05
138947,6,77.396,54.72,3.61
138947,7,80.438,55.66,3.8
138947,8,79.88,54.97,3.24
138947,9,74.03,46.14,3.07
138947,10,63.248,42.57,2.67
138947,11,51.854,44.4,3.13
138947,12,44.924,56.75,4.19
139144,1,39.704,59.73,3.53
139144,2,43.538,64.54,4.24
139144,3,51.674,60.08,3.84
139144,4,60.224,53.31,3.57
139144,5,68.756,54.02,3.59
139144,6,76.748,53.27,3.45
139144,7,79.916,55.57,3.89
139144,8,79.376,52.67,3.08
139144,9,73.22,47.23,3.33
139144,10,61.754,44.99,2.88
139144,11,50.324,47.77,3.49
139144,12,42.89,61.37,4.42
139366,1,44.528,52.58,3.28
139366,2,48.542,57.5,4.13
139366,3,55.778,53.64,3.8
139366,4,63.446,47.81,3.8
139366,5,71.924,47.46,3
139366,6,79.016,55.44,3.67
139366,7,81.536,55.33,3.94
139366,8,80.906,55.21,3.6
139366,9,75.56,47.28,2.88
139366,10,65.714,41.52,2.31
139366,11,54.554,43.47,3.09
139366,12,47.75,55.84,4.46
139393,1,37.22,59.73,3.6
139393,2,40.964,64.54,4.55
139393,3,49.37,60.08,3.85
139393,4,58.28,53.31,4.01
139393,5,66.74,54.02,3.75
139393,6,74.624,53.27,3.46
139393,7,77.954,55.57,3.97
139393,8,77.72,52.67,3.11
139393,9,71.582,47.23,3.4
139393,10,59.864,44.99,2.94
139393,11,48.236,47.77,3.59
139393,12,40.64,61.37,4.58
139630,1,39.83,54.7,3.68
139630,2,43.322,59.22,4.13
139630,3,51.17,56.85,3.8
139630,4,59.828,52.57,3.52
139630,5,68.216,53.96,3.62
139630,6,76.298,55.73,3.88
139630,7,79.43,58.87,4.01
139630,8,78.656,55.59,3.77
139630,9,72.374,48.45,3.57
139630,10,61.322,44.24,3.22
139630,11,50.234,45.42,3.59
139630,12,43.07,57.66,4.66
139658,1,40.406,53.37,3.44
139658,2,44.132,59.38,4.18
139658,3,51.944,55.58,3.83
139658,4,60.26,49.74,3.33
139658,5,68.738,50.65,3.29
139658,6,76.586,54.72,3.62
139658,7,79.754,55.66,3.9
139658,8,79.232,54.97,3.27
139658,9,73.31,46.14,3.18
139658,10,62.258,42.57,2.85
139658,11,50.882,44.4,3.31
139658,12,43.7,56.75,4.29
139755,1,40.406,53.37,3.44
139755,2,44.132,59.38,4.18
139755,3,51.944,55.58,3.83
139755,4,60.26,49.74,3.33
139755,5,68.738,50.65,3.29
139755,6,76.586,54.72,3.62
139755,7,79.754,55.66,3.9
139755,8,79.232,54.97,3.27
139755,9,73.31,46.14,3.18
139755,10,62.258,42.57,2.85
139755,11,50.882,44.4,3.31
139755,12,43.7,56.75,4.29
139764,1,45.986,52.58,3.1
139764,2,49.874,57.5,4.05
139764,3,56.84,53.64,3.49
139764,4,64.454,47.81,3.7
139764,5,72.968,47.46,2.59
139764,6,79.628,55.44,3.9
139764,7,81.896,55.33,4.12
139764,8,81.392,55.21,4.03
139764,9,76.568,47.28,3.01
139764,10,67.478,41.52,2.08
139764,11,56.3,43.47,2.65
139764,12,49.514,55.84,4.43
139861,1,44.384,52.04,2.84
139861,2,48.164,57.14,3.68
139861,3,55.562,53.83,3.41
139861,4,63.824,49.47,2.93
139861,5,72.59,51,2.61
139861,6,79.682,54.89,3.67
139861,7,82.436,55.73,3.4
139861,8,81.41,54.48,3.58
139861,9,75.848,46.49,3.06
139861,10,65.786,42.17,1.96
139861,11,54.608,43.56,2.54
139861,12,47.84,55.54,3.83
139931,1,46.508,51.65,2.29
139931,2,50.288,54.43,3.24
139931,3,57.2,51.04,2.9
139931,4,65.498,45.96,2.6
139931,5,74.066,47.99,2.8
139931,6,79.916,53.73,4.62
139931,7,82.598,54.11,4.09
139931,8,81.59,55.43,4.27
139931,9,76.838,49.78,2.92
139931,10,67.712,43.03,2.36
139931,11,56.84,41.98,2.1
139931,12,50.396,53.66,3.05
139940,1,40.406,53.37,3.44
139940,2,44.132,59.38,4.18
139940,3,51.944,55.58,3.83
139940,4,60.26,49.74,3.33
139940,5,68.738,50.65,3.29
139940,6,76.586,54.72,3.62
139940,7,79.754,55.66,3.9
139940,8,79.232,54.97,3.27
139940,9,73.31,46.14,3.18
139940,10,62.258,42.57,2.85
139940,11,50.882,44.4,3.31
139940,12,43.7,56.75,4.29
139959,1,41.666,52.04,3.31
139959,2,45.32,57.14,3.91
139959,3,53.06,53.83,3.65
139959,4,61.556,49.47,3.06
139959,5,70.052,51,3.16
139959,6,77.918,54.89,3.68
139959,7,81.014,55.73,3.75
139959,8,80.024,54.48,3.52
139959,9,73.868,46.49,3.17
139959,10,62.96,42.17,2.79
139959,11,51.728,43.56,3.2
139959,12,44.834,55.54,4.26
140234,1,42.944,55.98,3.43
140234,2,46.868,61.29,4.28
140234,3,54.284,57.9,3.94
140234,4,62.204,50.52,3.69
140234,5,70.61,51.05,3.25
140234,6,77.936,53.01,3.6
140234,7,80.762,54.54,3.84
140234,8,80.078,52.83,3.37
140234,9,74.372,46.49,2.91
140234,10,64.112,43.09,2.52
140234,11,52.97,45.32,3.24
140234,12,46.13,58.84,4.41
140447,1,43.88,52.09,3
140447,2,47.678,56.05,3.9
140447,3,55.076,51.95,3.59
140447,4,63.122,46.96,3.19
140447,5,71.726,48.11,2.62
140447,6,78.98,53.94,3.65
140447,7,81.68,54.03,3.56
140447,8,80.852,54.79,3.48
140447,9,75.164,46.74,3.09
140447,10,65.012,41.01,2.17
140447,11,53.906,42.58,2.73
140447,12,47.174,54.55,4.05
140553,1,41.648,53.37,3.31
140553,2,45.446,59.38,4.2
140553,3,53.078,55.58,3.86
140553,4,61.214,49.74,3.32
140553,5,69.728,50.65,3.05
140553,6,77.396,54.72,3.61
140553,7,80.438,55.66,3.8
140553,8,79.88,54.97,3.24
140553,9,74.03,46.14,3.07
140553,10,63.248,42.57,2.67
140553,11,51.854,44.4,3.13
140553,12,44.924,56.75,4.19
140696,1,40.406,53.37,3.44
140696,2,44.132,59.38,4.18
140696,3,51.944,55.58,3.83
140696,4,60.26,49.74,3.33
140696,5,68.738,50.65,3.29
140696,6,76.586,54.72,3.62
140696,7,79.754,55.66,3.9
140696,8,79.232,54.97,3.27
140696,9,73.31,46.14,3.18
140696,10,62.258,42.57,2.85
140696,11,50.882,44.4,3.31
140696,12,43.7,56.75,4.29
140818,1,38.786,54.7,3.79
140818,2,42.242,59.22,4.35
140818,3,50.126,56.85,3.93
140818,4,58.586,52.57,3.67
140818,5,66.812,53.96,3.73
140818,6,74.75,55.73,3.97
140818,7,77.9,58.87,4.11
140818,8,77.252,55.59,3.84
140818,9,71.042,48.45,3.62
140818,10,60.08,44.24,3.36
140818,11,49.172,45.42,3.69
140818,12,42.044,57.66,4.8
140988,1,39.704,59.73,3.53
140988,2,43.538,64.54,4.24
140988,3,51.674,60.08,3.84
140988,4,60.224,53.31,3.57
140988,5,68.756,54.02,3.59
140988,6,76.748,53.27,3.45
140988,7,79.916,55.57,3.89
140988,8,79.376,52.67,3.08
140988,9,73.22,47.23,3.33
140988,10,61.754,44.99,2.88
140988,11,50.324,47.77,3.49
140988,12,42.89,61.37,4.42
141264,1,49.154,51.88,2.67
141264,2,53.24,53.35,3.68
141264,3,59.468,48.39,3.41
141264,4,67.046,44.93,3.17
141264,5,75.11,43.36,2.44
141264,6,80.06,55.17,5.42
141264,7,81.662,56.38,4.57
141264,8,81.266,56.3,4.88
141264,9,77.342,49.28,3.56
141264,10,69.53,41.68,2.06
141264,11,59.18,40.85,2.14
141264,12,52.952,53.81,3.35
141334,1,41.54,55.98,3.51
141334,2,45.374,61.29,4.29
141334,3,53.024,57.9,3.91
141334,4,61.124,50.52,3.55
141334,5,69.476,51.05,3.39
141334,6,77.072,53.01,3.5
141334,7,80.006,54.54,3.82
141334,8,79.394,52.83,3.19
141334,9,73.454,46.49,2.95
141334,10,62.834,43.09,2.66
141334,11,51.602,45.32,3.33
141334,12,44.672,58.84,4.3
141361,1,35.438,54.7,3.8
141361,2,38.75,59.22,4.45
141361,3,46.526,56.85,4.04
141361,4,55.13,52.57,3.92
141361,5,63.14,53.96,3.84
141361,6,70.7,55.73,4.15
141361,7,73.76,58.87,4.45
141361,8,73.454,55.59,3.81
141361,9,67.586,48.45,3.94
141361,10,56.732,44.24,3.31
141361,11,46.184,45.42,3.78
141361,12,39.092,57.66,4.9
141565,1,68.234,49.87,6.2
141565,2,67.73,55.55,6.47
141565,3,68.126,61.53,8.78
141565,4,68.9,61.43,8.03
141565,5,70.16,57.07,5.64
141565,6,70.952,53.5,4.4
141565,7,72.032,51.32,4.91
141565,8,72.77,50.01,5.41
141565,9,72.77,51.43,5.54
141565,10,72.32,55.71,5.92
141565,11,70.808,56.19,7.19
141565,12,69.116,53.78,7.11
141574,1,73.436,51.98,2.3
141574,2,72.806,56.95,2.91
141574,3,73.184,60.95,3.03
141574,4,74.48,57.74,1.79
141574,5,76.226,49.77,1.5
141574,6,77.648,48.06,1.24
141574,7,78.638,46.61,1.29
141574,8,79.304,46.86,1.43
141574,9,79.484,46.68,1.68
141574,10,78.638,56,2.37
141574,11,76.748,57.86,2.87
141574,12,74.66,54.41,2.99
141644,1,73.436,51.98,2.3
141644,2,72.806,56.95,2.91
141644,3,73.184,60.95,3.03
141644,4,74.48,57.74,1.79
141644,5,76.226,49.77,1.5
141644,6,77.648,48.06,1.24
141644,7,78.638,46.61,1.29
141644,8,79.304,46.86,1.43
141644,9,79.484,46.68,1.68
141644,10,78.638,56,2.37
141644,11,76.748,57.86,2.87
141644,12,74.66,54.41,2.99
142461,1,30.83,72.34,1.27
142461,2,35.366,66.85,0.95
142461,3,43.214,65.75,1.17
142461,4,49.424,57.08,1.02
142461,5,59.27,53.17,1.16
142461,6,68.342,41.03,0.74
142461,7,79.286,25.91,0.21
142461,8,76.802,28.52,0.21
142461,9,66.596,32.64,0.42
142461,10,52.358,47.43,0.73
142461,11,39.686,62.51,1.04
142461,12,31.172,72.63,1.61
143084,1,22.01,65.95,1.09
143084,2,25.16,64.93,1.48
143084,3,37.814,64.22,1.94
143084,4,50.396,60.35,3.07
143084,5,61.484,62.48,3.71
143084,6,71.492,54.69,4.15
143084,7,75.524,47.77,3.06
143084,8,73.814,47.74,3.19
143084,9,66.02,44.46,2.91
143084,10,51.818,55.64,2.39
143084,11,39.074,61.11,1.72
143084,12,27.212,68.41,1.61
143118,1,21.956,67.73,1.42
143118,2,24.548,67.42,1.8
143118,3,36.086,64.31,2.03
143118,4,47.552,61.18,3.17
143118,5,58.64,62.45,3.86
143118,6,69.134,54.93,3.74
143118,7,74.3,47.63,3.21
143118,8,72.626,46.96,3.41
143118,9,65.174,44.47,2.89
143118,10,51.422,57.26,2.92
143118,11,38.822,62.36,1.94
143118,12,27.41,70.33,1.83
143288,1,27.374,66.66,1.84
143288,2,30.362,66.7,1.98
143288,3,42.26,63.92,2.43
143288,4,54.32,58.01,3.63
143288,5,64.364,60.1,3.97
143288,6,73.454,50.88,3.85
143288,7,77.18,45.5,3.2
143288,8,75.632,44.57,3
143288,9,68.594,42.09,2.63
143288,10,55.184,51.81,2.88
143288,11,42.764,57.17,2.38
143288,12,32.198,67.51,2.14
143358,1,24.89,67.39,1.68
143358,2,27.86,66.23,1.8
143358,3,39.884,64.44,2.18
143358,4,52.178,59.87,3.25
143358,5,62.762,62.15,3.68
143358,6,72.014,53.09,3.67
143358,7,75.74,46.72,3.25
143358,8,74.318,46.47,2.97
143358,9,67.136,43.59,2.85
143358,10,53.51,53.95,2.82
143358,11,40.91,59.36,2.12
143358,12,29.822,69.35,1.98
144050,1,27.464,70.62,1.54
144050,2,27.842,69.97,1.9
144050,3,35.654,65.87,2
144050,4,44.348,63.07,3.15
144050,5,53.24,64.3,3.79
144050,6,64.544,56.08,3.41
144050,7,72.554,48.14,3.07
144050,8,72.626,47.65,3.4
144050,9,66.47,45.79,2.86
144050,10,54.23,58.29,3.18
144050,11,42.836,63.32,2.03
144050,12,32.828,72.62,1.88
144351,1,27.464,70.62,1.54
144351,2,27.842,69.97,1.9
144351,3,35.654,65.87,2
144351,4,44.348,63.07,3.15
144351,5,53.24,64.3,3.79
144351,6,64.544,56.08,3.41
144351,7,72.554,48.14,3.07
144351,8,72.626,47.65,3.4
144351,9,66.47,45.79,2.86
144351,10,54.23,58.29,3.18
144351,11,42.836,63.32,2.03
144351,12,32.828,72.62,1.88
144892,1,27.464,68.29,2.15
144892,2,30.434,67.58,2.21
144892,3,41.846,64.17,2.59
144892,4,53.87,58.34,3.82
144892,5,63.95,60.67,3.87
144892,6,72.986,51.15,4.13
144892,7,76.406,46.62,3.44
144892,8,75.326,45.84,2.59
144892,9,68.486,42.77,2.46
144892,10,55.076,52.37,3.22
144892,11,42.314,57.68,2.72
144892,12,32.198,69.36,2.47
144962,1,21.956,70.62,1.42
144962,2,24.548,69.97,1.8
144962,3,36.086,65.87,2.03
144962,4,47.552,63.07,3.17
144962,5,58.64,64.3,3.86
144962,6,69.134,56.08,3.74
144962,7,74.3,48.14,3.21
144962,8,72.626,47.65,3.41
144962,9,65.174,45.79,2.89
144962,10,51.422,58.29,2.92
144962,11,38.822,63.32,1.94
144962,12,27.41,72.62,1.83
144971,1,24.89,67.39,1.68
144971,2,27.86,66.23,1.8
144971,3,39.884,64.44,2.18
144971,4,52.178,59.87,3.25
144971,5,62.762,62.15,3.68
144971,6,72.014,53.09,3.67
144971,7,75.74,46.72,3.25
144971,8,74.318,46.47,2.97
144971,9,67.136,43.59,2.85
144971,10,53.51,53.95,2.82
144971,11,40.91,59.36,2.12
144971,12,29.822,69.35,1.98
145372,1,28.67,63.62,2.12
145372,2,31.676,64.52,2.24
145372,3,43.196,63.69,2.79
145372,4,55.004,57.09,3.92
145372,5,64.832,60.35,4.04
145372,6,73.67,50.14,3.9
145372,7,77.126,46.66,3.29
145372,8,75.704,45.28,2.98
145372,9,68.882,42.39,2.61
145372,10,55.94,49.65,3.16
145372,11,43.466,53.98,2.76
145372,12,33.35,64.42,2.45
145600,1,27.464,70.62,1.54
145600,2,27.842,69.97,1.9
145600,3,35.654,65.87,2
145600,4,44.348,63.07,3.15
145600,5,53.24,64.3,3.79
145600,6,64.544,56.08,3.41
145600,7,72.554,48.14,3.07
145600,8,72.626,47.65,3.4
145600,9,66.47,45.79,2.86
145600,10,54.23,58.29,3.18
145600,11,42.836,63.32,2.03
145600,12,32.828,72.62,1.88
145619,1,21.956,67.73,1.42
145619,2,24.548,67.42,1.8
145619,3,36.086,64.31,2.03
145619,4,47.552,61.18,3.17
145619,5,58.64,62.45,3.86
145619,6,69.134,54.93,3.74
145619,7,74.3,47.63,3.21
145619,8,72.626,46.96,3.41
145619,9,65.174,44.47,2.89
145619,10,51.422,57.26,2.92
145619,11,38.822,62.36,1.94
145619,12,27.41,70.33,1.83
145637,1,26.348,68.28,1.9
145637,2,29.3,67.11,2.02
145637,3,40.82,64.56,2.34
145637,4,52.898,59.8,3.44
145637,5,63.176,62.06,3.69
145637,6,72.14,53.86,3.95
145637,7,75.47,47.68,3.41
145637,8,74.282,46.57,2.69
145637,9,67.532,43.13,2.61
145637,10,54.284,54.28,3.01
145637,11,41.648,60.19,2.45
145637,12,31.136,71.03,2.25
145646,1,24.872,68.28,1.76
145646,2,27.788,67.11,1.86
145646,3,39.56,64.56,2.21
145646,4,51.764,59.8,3.31
145646,5,62.366,62.06,3.7
145646,6,71.456,53.86,3.92
145646,7,74.876,47.68,3.25
145646,8,73.472,46.57,2.92
145646,9,66.632,43.13,2.82
145646,10,53.276,54.28,2.81
145646,11,40.73,60.19,2.21
145646,12,29.804,71.03,1.99
145691,1,27.374,64.81,1.84
145691,2,30.362,66.38,1.98
145691,3,42.26,63.9,2.43
145691,4,54.32,57.84,3.63
145691,5,64.364,61.24,3.97
145691,6,73.454,51.44,3.85
145691,7,77.18,45.92,3.2
145691,8,75.632,46.34,3
145691,9,68.594,41.93,2.63
145691,10,55.184,50.89,2.88
145691,11,42.764,56.77,2.38
145691,12,32.198,65.67,2.14
145725,1,27.464,70.62,1.54
145725,2,27.842,69.97,1.9
145725,3,35.654,65.87,2
145725,4,44.348,63.07,3.15
145725,5,53.24,64.3,3.79
145725,6,64.544,56.08,3.41
145725,7,72.554,48.14,3.07
145725,8,72.626,47.65,3.4
145725,9,66.47,45.79,2.86
145725,10,54.23,58.29,3.18
145725,11,42.836,63.32,2.03
145725,12,32.828,72.62,1.88
145813,1,24.872,68.28,1.76
145813,2,27.788,67.11,1.86
145813,3,39.56,64.56,2.21
145813,4,51.764,59.8,3.31
145813,5,62.366,62.06,3.7
145813,6,71.456,53.86,3.92
145813,7,74.876,47.68,3.25
145813,8,73.472,46.57,2.92
145813,9,66.632,43.13,2.82
145813,10,53.276,54.28,2.81
145813,11,40.73,60.19,2.21
145813,12,29.804,71.03,1.99
146427,1,23.36,66.3,1.22
146427,2,26.474,65.69,1.6
146427,3,38.984,64.05,1.98
146427,4,51.458,59.37,3.14
146427,5,62.294,61.13,3.91
146427,6,72.086,53.58,4
146427,7,76.154,46.87,2.85
146427,8,74.534,46.86,3.01
146427,9,66.74,42.48,2.92
146427,10,52.664,52.32,2.44
146427,11,40.01,58.56,1.78
146427,12,28.472,67.72,1.65
146612,1,23.27,67.73,1.55
146612,2,26.006,67.42,1.8
146612,3,37.706,64.31,2.05
146612,4,49.46,61.18,3.18
146612,5,60.26,62.45,3.78
146612,6,70.052,54.93,3.78
146612,7,74.282,47.63,3.24
146612,8,72.77,46.96,3.39
146612,9,65.732,44.47,2.82
146612,10,52.286,57.26,2.87
146612,11,39.722,62.36,1.99
146612,12,28.454,70.33,1.84
147013,1,30.128,63.62,2.03
147013,2,33.152,64.52,2.26
147013,3,44.492,63.69,3.01
147013,4,56.03,57.09,4.02
147013,5,65.642,60.35,4.18
147013,6,74.642,50.14,3.56
147013,7,78.35,46.66,3.27
147013,8,77,45.28,2.99
147013,9,69.8,42.39,2.68
147013,10,56.858,49.65,3.03
147013,11,44.456,53.98,2.85
147013,12,34.448,64.42,2.39
147244,1,26.186,68.29,1.85
147244,2,29.12,67.58,1.97
147244,3,40.82,64.17,2.26
147244,4,52.97,58.34,3.45
147244,5,63.284,60.67,3.7
147244,6,72.212,51.15,4
147244,7,75.578,46.62,3.2
147244,8,74.3,45.84,2.71
147244,9,67.514,42.77,2.73
147244,10,54.248,52.37,3.03
147244,11,41.648,57.68,2.38
147244,12,31.046,69.36,2.08
147341,1,23.36,66.3,1.22
147341,2,26.474,65.69,1.6
147341,3,38.984,64.05,1.98
147341,4,51.458,59.37,3.14
147341,5,62.294,61.13,3.91
147341,6,72.086,53.58,4
147341,7,76.154,46.87,2.85
147341,8,74.534,46.86,3.01
147341,9,66.74,42.48,2.92
147341,10,52.664,52.32,2.44
147341,11,40.01,58.56,1.78
147341,12,28.472,67.72,1.65
147660,1,21.956,67.73,1.42
147660,2,24.548,67.42,1.8
147660,3,36.086,64.31,2.03
147660,4,47.552,61.18,3.17
147660,5,58.64,62.45,3.86
147660,6,69.134,54.93,3.74
147660,7,74.3,47.63,3.21
147660,8,72.626,46.96,3.41
147660,9,65.174,44.47,2.89
147660,10,51.422,57.26,2.92
147660,11,38.822,62.36,1.94
147660,12,27.41,70.33,1.83
147679,1,27.464,70.62,1.54
147679,2,27.842,69.97,1.9
147679,3,35.654,65.87,2
147679,4,44.348,63.07,3.15
147679,5,53.24,64.3,3.79
147679,6,64.544,56.08,3.41
147679,7,72.554,48.14,3.07
147679,8,72.626,47.65,3.4
147679,9,66.47,45.79,2.86
147679,10,54.23,58.29,3.18
147679,11,42.836,63.32,2.03
147679,12,32.828,72.62,1.88
147703,1,21.056,67.73,1.36
147703,2,23.936,67.42,1.73
147703,3,36.086,64.31,2.02
147703,4,47.912,61.18,3.16
147703,5,59.09,62.45,3.74
147703,6,69.098,54.93,3.95
147703,7,73.346,47.63,3.24
147703,8,71.654,46.96,3.36
147703,9,64.328,44.47,2.89
147703,10,50.756,57.26,2.74
147703,11,38.156,62.36,1.89
147703,12,26.51,70.33,1.79
147767,1,27.464,76.42,1.54
147767,2,27.842,72.82,1.9
147767,3,35.654,74.68,2
147767,4,44.348,82.38,3.15
147767,5,53.24,85.19,3.79
147767,6,64.544,81.01,3.41
147767,7,72.554,72.68,3.07
147767,8,72.626,67.12,3.4
147767,9,66.47,58.51,2.86
147767,10,54.23,66.22,3.18
147767,11,42.836,69.89,2.03
147767,12,32.828,76.02,1.88
148016,1,28.58,62.24,1.85
148016,2,31.658,64.64,2
148016,3,43.448,62.9,2.67
148016,4,55.238,56.9,3.71
148016,5,65.084,59.74,4.07
148016,6,74.318,49.7,3.71
148016,7,78.422,46.7,3.29
148016,8,76.874,46.61,3.09
148016,9,69.386,42.51,2.74
148016,10,55.922,49.74,2.87
148016,11,43.61,54.48,2.47
148016,12,33.206,63.89,2.14
148131,1,26.078,63.92,1.35
148131,2,29.066,64.7,1.63
148131,3,41.486,64.36,2.13
148131,4,53.708,58.73,3.35
148131,5,63.986,60.8,3.91
148131,6,73.688,51.86,4.2
148131,7,77.774,46.09,3.23
148131,8,75.938,46.57,3.28
148131,9,68.234,41.88,2.79
148131,10,54.428,50.85,2.72
148131,11,42.026,55.66,1.89
148131,12,30.974,64.66,1.7
148405,1,19.58,66.99,1.32
148405,2,22.19,64.25,1.61
148405,3,34.628,63.23,1.99
148405,4,46.238,62.32,3.13
148405,5,57.704,63.27,3.6
148405,6,67.91,56.08,4.21
148405,7,72.5,47.94,3.28
148405,8,70.79,48.61,3.4
148405,9,63.32,47.03,3.08
148405,10,49.712,58.93,2.65
148405,11,37.112,64.06,1.88
148405,12,25.214,70.41,1.77
148487,1,27.464,70.62,1.54
148487,2,27.842,69.97,1.9
148487,3,35.654,65.87,2
148487,4,44.348,63.07,3.15
148487,5,53.24,64.3,3.79
148487,6,64.544,56.08,3.41
148487,7,72.554,48.14,3.07
148487,8,72.626,47.65,3.4
148487,9,66.47,45.79,2.86
148487,10,54.23,58.29,3.18
148487,11,42.836,63.32,2.03
148487,12,32.828,72.62,1.88
148496,1,21.956,70.62,1.42
148496,2,24.548,69.97,1.8
148496,3,36.086,65.87,2.03
148496,4,47.552,63.07,3.17
148496,5,58.64,64.3,3.86
148496,6,69.134,56.08,3.74
148496,7,74.3,48.14,3.21
148496,8,72.626,47.65,3.41
148496,9,65.174,45.79,2.89
148496,10,51.422,58.29,2.92
148496,11,38.822,63.32,1.94
148496,12,27.41,72.62,1.83
148654,1,27.41,66.66,1.95
148654,2,30.398,66.7,2.11
148654,3,42.08,63.92,2.47
148654,4,54.122,58.01,3.73
148654,5,64.166,60.1,3.94
148654,6,73.058,50.88,3.95
148654,7,76.532,45.5,3.25
148654,8,75.128,44.57,2.9
148654,9,68.342,42.09,2.58
148654,10,55.166,51.81,3.06
148654,11,42.674,57.17,2.52
148654,12,32.234,67.51,2.26
149222,1,32.432,62.35,2.52
149222,2,35.492,65.23,3.07
149222,3,46.292,61.99,3.79
149222,4,57.236,56.83,4.43
149222,5,66.452,59.65,4.2
149222,6,75.074,49.28,3.2
149222,7,78.332,48.72,3.45
149222,8,77.684,47.85,2.71
149222,9,70.97,43.57,2.6
149222,10,58.136,48.46,3.28
149222,11,45.716,52.52,3.38
149222,12,36.266,62.67,3.27
149231,1,28.67,63.62,1.98
149231,2,31.712,64.52,2.14
149231,3,43.376,63.69,2.7
149231,4,55.166,57.09,3.86
149231,5,64.994,60.35,4.1
149231,6,74.012,50.14,3.76
149231,7,77.756,46.66,3.25
149231,8,76.244,45.28,3.06
149231,9,69.116,42.39,2.68
149231,10,55.976,49.65,2.98
149231,11,43.574,53.98,2.62
149231,12,33.314,64.42,2.3
149772,1,24.764,66.3,1.36
149772,2,27.77,65.69,1.62
149772,3,40.136,64.05,2.05
149772,4,52.52,59.37,3.24
149772,5,63.05,61.13,3.84
149772,6,72.734,53.58,4.04
149772,7,76.73,46.87,2.96
149772,8,75.092,46.86,3.08
149772,9,67.406,42.48,2.85
149772,10,53.528,52.32,2.57
149772,11,40.982,58.56,1.89
149772,12,29.732,67.72,1.73
149781,1,21.956,67.73,1.42
149781,2,24.548,67.42,1.8
149781,3,36.086,64.31,2.03
149781,4,47.552,61.18,3.17
149781,5,58.64,62.45,3.86
149781,6,69.134,54.93,3.74
149781,7,74.3,47.63,3.21
149781,8,72.626,46.96,3.41
149781,9,65.174,44.47,2.89
149781,10,51.422,57.26,2.92
149781,11,38.822,62.36,1.94
149781,12,27.41,70.33,1.83
150066,1,26.348,75.17,2.42
150066,2,28.958,71.94,2.39
150066,3,39.488,66.66,2.94
150066,4,51.53,62.89,3.62
150066,5,61.916,63.62,3.81
150066,6,70.484,55.1,4.33
150066,7,73.778,48.3,3.44
150066,8,72.752,47.74,3.05
150066,9,66.416,45.59,2.67
150066,10,53.51,57.95,2.94
150066,11,41.126,62.75,2.74
150066,12,31.046,74.9,2.67
150136,1,26.348,75.17,2.42
150136,2,28.958,71.94,2.39
150136,3,39.488,66.66,2.94
150136,4,51.53,62.89,3.62
150136,5,61.916,63.62,3.81
150136,6,70.484,55.1,4.33
150136,7,73.778,48.3,3.44
150136,8,72.752,47.74,3.05
150136,9,66.416,45.59,2.67
150136,10,53.51,57.95,2.94
150136,11,41.126,62.75,2.74
150136,12,31.046,74.9,2.67
150163,1,26.33,70.52,2.42
150163,2,29.066,69.63,2.4
150163,3,39.848,65.74,2.85
150163,4,51.872,61.18,3.7
150163,5,62.186,62.27,3.83
150163,6,70.862,53.16,4.48
150163,7,74.084,49.87,3.61
150163,8,72.932,48.4,3.07
150163,9,66.596,44.74,2.71
150163,10,53.708,54.52,2.99
150163,11,41.252,59.63,2.74
150163,12,31.118,71.67,2.67
150400,1,27.752,70.52,2.55
150400,2,30.47,69.63,2.45
150400,3,41.414,65.74,3.04
150400,4,53.366,61.18,3.98
150400,5,63.32,62.27,3.98
150400,6,71.96,53.16,4.46
150400,7,75.218,49.87,3.68
150400,8,74.39,48.4,2.71
150400,9,67.91,44.74,2.73
150400,10,54.896,54.52,3.23
150400,11,42.332,59.63,2.89
150400,12,32.306,71.67,2.84
150455,1,26.258,74.75,2.33
150455,2,28.706,71.57,2.33
150455,3,38.93,67.09,2.89
150455,4,50.936,61.53,3.45
150455,5,61.376,63.61,3.66
150455,6,69.89,54.35,3.88
150455,7,73.346,50.58,3.06
150455,8,72.5,48.39,2.78
150455,9,66.056,44.9,2.58
150455,10,53.168,55.6,2.78
150455,11,40.856,59.96,2.65
150455,12,30.884,73.7,2.61
150534,1,31.91,66.11,2.6
150534,2,34.862,69.06,3.13
150534,3,45.446,63.16,3.71
150534,4,56.786,57.65,4.34
150534,5,66.146,59.77,4.14
150534,6,74.462,49.4,3.67
150534,7,77.486,49.8,3.66
150534,8,76.892,48.8,2.71
150534,9,70.268,44.64,2.92
150534,10,57.722,49.18,3.28
150534,11,45.302,53.39,3.36
150534,12,35.888,65.46,3.32
150604,1,27.752,70.52,2.62
150604,2,30.38,69.63,2.57
150604,3,41.09,65.74,3.17
150604,4,53.024,61.18,3.96
150604,5,63.068,62.27,4.03
150604,6,71.6,53.16,4.49
150604,7,74.93,49.87,3.69
150604,8,74.228,48.4,2.85
150604,9,67.694,44.74,2.78
150604,10,54.716,54.52,3.19
150604,11,42.206,59.63,2.93
150604,12,32.216,71.67,2.92
150756,1,30.722,70.92,2.71
150756,2,33.224,70.77,3.09
150756,3,43.574,65.94,3.64
150756,4,55.094,60.29,4.36
150756,5,64.652,63.67,4.37
150756,6,72.698,52.7,3.8
150756,7,76.118,52.35,3.79
150756,8,75.884,49.13,2.74
150756,9,69.422,45.8,3.11
150756,10,56.516,53.59,3.49
150756,11,44.006,57.64,3.21
150756,12,34.628,70.74,3.47
151102,1,25.25,77.09,1.9
151102,2,27.554,74.18,1.94
151102,3,37.778,66.99,2.27
151102,4,49.694,63.03,2.99
151102,5,60.764,64,3.68
151102,6,69.782,56.76,3.43
151102,7,73.706,48.68,3.08
151102,8,72.41,48.2,3.05
151102,9,65.552,46.86,2.49
151102,10,52.502,60.73,2.44
151102,11,40.316,66.76,2.35
151102,12,30.182,77.73,2.05
151263,1,27.752,70.52,2.62
151263,2,30.38,69.63,2.57
151263,3,41.09,65.74,3.17
151263,4,53.024,61.18,3.96
151263,5,63.068,62.27,4.03
151263,6,71.6,53.16,4.49
151263,7,74.93,49.87,3.69
151263,8,74.228,48.4,2.85
151263,9,67.694,44.74,2.78
151263,10,54.716,54.52,3.19
151263,11,42.206,59.63,2.93
151263,12,32.216,71.67,2.92
151306,1,31.91,66.11,2.6
151306,2,34.862,69.06,3.13
151306,3,45.446,63.16,3.71
151306,4,56.786,57.65,4.34
151306,5,66.146,59.77,4.14
151306,6,74.462,49.4,3.67
151306,7,77.486,49.8,3.66
151306,8,76.892,48.8,2.71
151306,9,70.268,44.64,2.92
151306,10,57.722,49.18,3.28
151306,11,45.302,53.39,3.36
151306,12,35.888,65.46,3.32
151324,1,27.788,70.26,2.37
151324,2,30.686,69.73,2.3
151324,3,41.9,64.85,2.79
151324,4,53.834,59.12,3.91
151324,5,63.788,61.01,3.86
151324,6,72.5,52.12,4.3
151324,7,75.74,48.28,3.6
151324,8,74.75,46.18,2.52
151324,9,68.27,42.62,2.57
151324,10,55.166,53.16,3.27
151324,11,42.458,58.01,2.83
151324,12,32.432,71.27,2.66
151351,1,29.264,70.52,2.75
151351,2,31.802,69.63,2.79
151351,3,42.422,65.74,3.5
151351,4,54.23,61.18,4.18
151351,5,64.022,62.27,4.26
151351,6,72.446,53.16,4.3
151351,7,75.938,49.87,3.69
151351,8,75.578,48.4,2.7
151351,9,68.81,44.74,2.92
151351,10,55.814,54.52,3.34
151351,11,43.25,59.63,3.14
151351,12,33.44,71.67,3.15
151777,1,24.962,77.09,2.01
151777,2,27.32,74.18,2.01
151777,3,37.868,66.99,2.23
151777,4,49.712,63.03,3.02
151777,5,60.746,64,3.64
151777,6,69.872,56.76,3.56
151777,7,73.742,48.68,3.27
151777,8,72.374,48.2,3.32
151777,9,65.552,46.86,2.52
151777,10,52.448,60.73,2.6
151777,11,40.172,66.76,2.4
151777,12,29.93,77.73,2.05
151786,1,26.33,70.52,2.42
151786,2,29.066,69.63,2.4
151786,3,39.848,65.74,2.85
151786,4,51.872,61.18,3.7
151786,5,62.186,62.27,3.83
151786,6,70.862,53.16,4.48
151786,7,74.084,49.87,3.61
151786,8,72.932,48.4,3.07
151786,9,66.596,44.74,2.71
151786,10,53.708,54.52,2.99
151786,11,41.252,59.63,2.74
151786,12,31.118,71.67,2.67
152080,1,24.656,75.81,1.99
152080,2,26.618,74.59,2.06
152080,3,37.022,67.59,2.03
152080,4,48.47,63.88,2.95
152080,5,59.54,65.45,3.61
152080,6,69.224,57.7,3.27
152080,7,73.598,49.98,3.23
152080,8,72.41,50.28,3.45
152080,9,65.48,48.44,2.68
152080,10,52.286,60.69,3.05
152080,11,40.1,66.98,2.3
152080,12,29.732,77.46,1.98
152318,1,27.788,70.26,2.37
152318,2,30.686,69.73,2.3
152318,3,41.9,64.85,2.79
152318,4,53.834,59.12,3.91
152318,5,63.788,61.01,3.86
152318,6,72.5,52.12,4.3
152318,7,75.74,48.28,3.6
152318,8,74.75,46.18,2.52
152318,9,68.27,42.62,2.57
152318,10,55.166,53.16,3.27
152318,11,42.458,58.01,2.83
152318,12,32.432,71.27,2.66
152567,1,24.134,77.09,1.75
152567,2,26.15,74.18,1.89
152567,3,36.428,66.99,2
152567,4,48.182,63.03,2.82
152567,5,59.558,64,3.58
152567,6,68.9,56.76,3.13
152567,7,73.058,48.68,2.93
152567,8,71.762,48.2,2.96
152567,9,64.76,46.86,2.49
152567,10,51.512,60.73,2.46
152567,11,39.344,66.76,2.27
152567,12,29.174,77.73,1.9
152600,1,25.304,70.62,1.86
152600,2,26.996,69.97,1.99
152600,3,37.094,65.87,1.99
152600,4,48.164,63.07,3.01
152600,5,58.82,64.3,3.59
152600,6,68.954,56.08,3.27
152600,7,73.922,48.14,3.25
152600,8,72.842,47.65,3.47
152600,9,66.02,45.79,2.68
152600,10,53.042,58.29,3.05
152600,11,40.874,63.32,2.17
152600,12,30.452,72.62,1.93
152673,1,26.384,73.45,2.31
152673,2,29.21,72.33,2.3
152673,3,40.262,65.5,2.68
152673,4,52.268,61.15,3.67
152673,5,62.492,63.5,3.72
152673,6,71.258,54.9,4.37
152673,7,74.408,48.68,3.61
152673,8,73.238,47.86,2.98
152673,9,66.92,44.47,2.61
152673,10,53.96,56.62,3.01
152673,11,41.396,62.13,2.66
152673,12,31.244,74.23,2.58
153001,1,19.202,64.13,0.6
153001,2,22.118,63.93,0.9
153001,3,35.636,64.58,1.4
153001,4,48.47,60.36,2.74
153001,5,59.972,62.24,3.53
153001,6,70.862,54.37,4.03
153001,7,75.596,46.23,2.81
153001,8,72.698,47.7,3.41
153001,9,64.76,43.87,2.69
153001,10,49.442,52.83,1.96
153001,11,36.482,56.74,1.15
153001,12,24.08,64.17,1.04
153108,1,21.74,65.37,0.8
153108,2,24.584,64.18,1.11
153108,3,37.958,64.21,1.61
153108,4,50.594,60.35,3.11
153108,5,61.61,61.82,3.78
153108,6,72.014,55.29,4.48
153108,7,76.28,46.83,3.09
153108,8,73.796,47.58,3.56
153108,9,65.93,42.99,2.94
153108,10,51.44,54.11,2.38
153108,11,38.642,58.22,1.53
153108,12,26.672,65.89,1.32
153144,1,20.156,65.21,0.9
153144,2,23.234,65.17,1.16
153144,3,36.374,64,1.66
153144,4,49.136,60.63,3.09
153144,5,60.512,62.48,3.44
153144,6,70.754,55.53,4.7
153144,7,74.642,47.35,3.29
153144,8,72.446,47.67,3.42
153144,9,64.886,43.17,2.97
153144,10,50.45,55.07,2.47
153144,11,37.562,59.81,1.65
153144,12,25.34,67.52,1.5
153162,1,20.21,65.21,0.9
153162,2,23.252,65.17,1.2
153162,3,36.266,64,1.72
153162,4,48.938,60.63,3.12
153162,5,60.296,62.48,3.57
153162,6,70.484,55.53,4.63
153162,7,74.408,47.35,3.32
153162,8,72.392,47.67,3.39
153162,9,64.832,43.17,3.02
153162,10,50.468,55.07,2.49
153162,11,37.58,59.81,1.68
153162,12,25.43,67.52,1.48
153278,1,18.77,65.43,0.99
153278,2,21.596,63.58,1.31
153278,3,34.88,64.29,1.77
153278,4,47.336,62.11,3.16
153278,5,58.838,63.94,3.52
153278,6,69.152,57.3,4.58
153278,7,73.418,48.72,3.6
153278,8,71.366,50.18,3.31
153278,9,63.68,45.86,3.25
153278,10,49.424,58.13,2.55
153278,11,36.572,63.58,1.79
153278,12,24.206,70.79,1.59
153384,1,21.596,65.37,0.85
153384,2,24.458,64.18,1.21
153384,3,37.652,64.21,1.68
153384,4,50.288,60.35,3.04
153384,5,61.394,61.82,3.67
153384,6,71.726,55.29,4.47
153384,7,75.83,46.83,3.04
153384,8,73.4,47.58,3.61
153384,9,65.66,42.99,2.89
153384,10,51.278,54.11,2.39
153384,11,38.498,58.22,1.57
153384,12,26.582,65.89,1.4
153658,1,21.992,65.21,0.94
153658,2,25.106,65.17,1.31
153658,3,37.868,64,1.83
153658,4,50.504,60.63,2.98
153658,5,61.646,62.48,3.59
153658,6,71.762,55.53,4.34
153658,7,75.758,47.35,3.04
153658,8,73.904,47.67,3.31
153658,9,66.092,43.17,2.83
153658,10,51.764,55.07,2.39
153658,11,38.966,59.81,1.61
153658,12,27.122,67.52,1.49
153825,1,18.77,65.43,0.99
153825,2,21.596,63.58,1.31
153825,3,34.88,64.29,1.77
153825,4,47.336,62.11,3.16
153825,5,58.838,63.94,3.52
153825,6,69.152,57.3,4.58
153825,7,73.418,48.72,3.6
153825,8,71.366,50.18,3.31
153825,9,63.68,45.86,3.25
153825,10,49.424,58.13,2.55
153825,11,36.572,63.58,1.79
153825,12,24.206,70.79,1.59
153834,1,15.656,65.34,0.83
153834,2,18.59,63.57,1.12
153834,3,32.432,63.63,1.63
153834,4,45.194,62.41,3.2
153834,5,57.074,64.16,3.88
153834,6,67.478,58.34,4.89
153834,7,72.248,48.68,3.28
153834,8,69.692,51.03,3.41
153834,9,62.042,47.39,3.38
153834,10,47.282,58.8,2.35
153834,11,34.43,64.08,1.43
153834,12,21.542,71.35,1.35
154350,1,21.866,65.03,0.73
154350,2,24.62,64.4,1.02
154350,3,37.994,64.37,1.55
154350,4,50.612,60.45,3.04
154350,5,61.574,61.62,3.87
154350,6,72.104,54.57,4.33
154350,7,76.622,46.22,3.04
154350,8,74.102,48.23,3.55
154350,9,66.092,43.56,2.91
154350,10,51.422,53.07,2.3
154350,11,38.66,57.31,1.41
154350,12,26.618,64.2,1.24
154493,1,16.826,65.08,0.88
154493,2,19.832,64.14,1.14
154493,3,33.44,63.22,1.63
154493,4,46.202,61.31,3.24
154493,5,57.92,62.74,3.83
154493,6,68.288,56.57,4.9
154493,7,72.608,48.14,3.44
154493,8,70.16,49.04,3.3
154493,9,62.582,45.63,3.29
154493,10,48.038,57.53,2.38
154493,11,35.186,62,1.54
154493,12,22.514,68.18,1.44
154527,1,18.608,65.14,0.84
154527,2,21.668,62.86,1.12
154527,3,35.114,64.59,1.59
154527,4,47.984,60.93,3.26
154527,5,59.612,63,3.8
154527,6,69.98,56.47,4.69
154527,7,73.868,47.66,3.35
154527,8,71.402,48.99,3.44
154527,9,63.95,45.53,3.05
154527,10,49.388,56.59,2.33
154527,11,36.482,60.95,1.53
154527,12,23.99,67.64,1.41
155025,1,29.408,55.11,0.83
155025,2,32.396,60.05,1.32
155025,3,44.474,58.16,1.94
155025,4,55.364,56.28,3.09
155025,5,65.192,56.81,4.54
155025,6,74.948,48.32,4.42
155025,7,79.772,44.75,3.3
155025,8,77.828,44.16,3.94
155025,9,69.494,42.03,2.83
155025,10,55.886,44.9,2.6
155025,11,43.736,48.39,1.15
155025,12,32.54,55.31,1.14
155061,1,30.506,53.26,0.43
155061,2,32.864,58.29,0.66
155061,3,44.384,53.29,1.03
155061,4,54.518,53.53,1.96
155061,5,65.066,53.51,3.28
155061,6,76.586,44.51,3.05
155061,7,81.77,44.01,2.98
155061,8,78.152,43.61,3.1
155061,9,69.926,37.32,1.88
155061,10,55.04,41.28,1.65
155061,11,42.584,45.6,0.62
155061,12,31.784,52.7,0.75
155317,1,28.328,56.25,0.92
155317,2,31.46,59.57,1.38
155317,3,43.862,59.42,2.03
155317,4,55.058,57.37,3.32
155317,5,65.066,57.19,4.53
155317,6,74.84,48.81,4.58
155317,7,79.484,44.8,3.27
155317,8,77.594,44.52,4.13
155317,9,68.864,40.81,3.02
155317,10,55.418,46.51,2.84
155317,11,43.304,50.17,1.37
155317,12,32.144,56.59,1.31
155335,1,32.324,49.99,0.77
155335,2,35.474,56.35,1.15
155335,3,47.102,55.86,1.84
155335,4,57.272,54.36,2.58
155335,5,67.226,54.92,4.24
155335,6,77.45,46.03,4.09
155335,7,82.328,41.86,3
155335,8,79.988,43.04,3.4
155335,9,71.834,40.93,2.29
155335,10,57.902,42.36,2.49
155335,11,45.626,44.86,0.94
155335,12,34.484,52.47,1.07
155399,1,28.922,57.84,0.67
155399,2,31.73,60.66,1.11
155399,3,44.078,59.88,1.66
155399,4,55.148,57.65,2.82
155399,5,65.462,58.29,4.08
155399,6,75.866,49.1,4.1
155399,7,81.014,45.4,3.29
155399,8,78.584,44.57,3.83
155399,9,69.98,41.78,2.56
155399,10,55.796,46.15,2.2
155399,11,43.196,49.09,1.03
155399,12,31.676,56.49,1.08
155681,1,31.784,56.1,1.44
155681,2,35.366,61.75,1.82
155681,3,46.814,59.51,2.74
155681,4,57.11,57.16,4.1
155681,5,66.2,57.23,5.66
155681,6,75.38,48.33,4.67
155681,7,80.096,44.7,3.28
155681,8,79.088,44.85,3.73
155681,9,70.682,41.47,3.34
155681,10,57.56,46.35,3.24
155681,11,45.914,49.96,2.06
155681,12,35.24,57.59,1.69
156125,1,32.324,49.99,0.77
156125,2,35.474,56.35,1.15
156125,3,47.102,55.86,1.84
156125,4,57.272,54.36,2.58
156125,5,67.226,54.92,4.24
156125,6,77.45,46.03,4.09
156125,7,82.328,41.86,3
156125,8,79.988,43.04,3.4
156125,9,71.834,40.93,2.29
156125,10,57.902,42.36,2.49
156125,11,45.626,44.86,0.94
156125,12,34.484,52.47,1.07
156213,1,31.676,70.58,2.62
156213,2,34.376,71.47,3.29
156213,3,43.97,65.86,3.3
156213,4,55.076,59.89,4.04
156213,5,64.49,63.04,4.16
156213,6,72.428,53.75,3.57
156213,7,76.118,55.18,4.11
156213,8,75.686,50.22,2.83
156213,9,69.368,47.49,3
156213,10,56.678,51.84,3.18
156213,11,44.312,55.78,2.9
156213,12,35.6,69.72,3.45
156286,1,32.054,70.92,2.76
156286,2,34.79,70.77,3.39
156286,3,44.852,65.94,3.62
156286,4,56.066,60.29,4.47
156286,5,65.408,63.67,4.44
156286,6,73.364,52.7,3.68
156286,7,76.856,52.35,3.94
156286,8,76.676,49.13,2.83
156286,9,70.232,45.8,3.2
156286,10,57.452,53.59,3.59
156286,11,44.996,57.64,3.27
156286,12,35.924,70.74,3.69
156295,1,32.756,70.58,2.87
156295,2,35.708,71.47,3.61
156295,3,44.924,65.86,3.35
156295,4,55.706,59.89,4.09
156295,5,64.868,63.04,4.01
156295,6,72.734,53.75,3.7
156295,7,76.262,55.18,4.35
156295,8,75.83,50.22,2.99
156295,9,69.656,47.49,3.03
156295,10,57.362,51.84,3.04
156295,11,45.176,55.78,3
156295,12,36.752,69.72,3.66
156408,1,32.864,70.58,2.93
156408,2,35.798,71.47,3.69
156408,3,45.248,65.86,3.4
156408,4,56.102,59.89,4.36
156408,5,65.21,63.04,4.29
156408,6,73.04,53.75,3.65
156408,7,76.514,55.18,4.33
156408,8,76.082,50.22,3.08
156408,9,69.764,47.49,3.12
156408,10,57.524,51.84,3.18
156408,11,45.428,55.78,3.12
156408,12,36.824,69.72,3.86
156620,1,32.756,70.58,2.87
156620,2,35.708,71.47,3.61
156620,3,44.924,65.86,3.35
156620,4,55.706,59.89,4.09
156620,5,64.868,63.04,4.01
156620,6,72.734,53.75,3.7
156620,7,76.262,55.18,4.35
156620,8,75.83,50.22,2.99
156620,9,69.656,47.49,3.03
156620,10,57.362,51.84,3.04
156620,11,45.176,55.78,3
156620,12,36.752,69.72,3.66
157058,1,31.964,72.27,2.7
157058,2,34.664,71.86,3.32
157058,3,44.474,67.22,3.38
157058,4,55.634,61.1,4.28
157058,5,64.976,64.38,4.32
157058,6,72.878,53.62,3.57
157058,7,76.46,53.2,4.09
157058,8,76.082,49.88,2.88
157058,9,69.728,46.62,3.14
157058,10,57.11,54.13,3.36
157058,11,44.798,58.35,3.02
157058,12,35.852,71.96,3.62
157076,1,32.936,66.11,2.85
157076,2,35.906,69.06,3.81
157076,3,46.13,63.16,3.68
157076,4,57.182,57.65,4.64
157076,5,66.29,59.77,4.46
157076,6,74.444,49.4,3.97
157076,7,77.738,49.8,3.98
157076,8,77.27,48.8,3.07
157076,9,70.628,44.64,3.17
157076,10,58.19,49.18,3.63
157076,11,45.842,53.39,3.49
157076,12,36.824,65.46,3.83
157085,1,31.676,72.27,2.62
157085,2,34.376,71.86,3.29
157085,3,43.97,67.22,3.3
157085,4,55.076,61.1,4.04
157085,5,64.49,64.38,4.16
157085,6,72.428,53.62,3.57
157085,7,76.118,53.2,4.11
157085,8,75.686,49.88,2.83
157085,9,69.368,46.62,3
157085,10,56.678,54.13,3.18
157085,11,44.312,58.35,2.9
157085,12,35.6,71.96,3.45
157289,1,32.054,70.92,2.76
157289,2,34.79,70.77,3.39
157289,3,44.852,65.94,3.62
157289,4,56.066,60.29,4.47
157289,5,65.408,63.67,4.44
157289,6,73.364,52.7,3.68
157289,7,76.856,52.35,3.94
157289,8,76.676,49.13,2.83
157289,9,70.232,45.8,3.2
157289,10,57.452,53.59,3.59
157289,11,44.996,57.64,3.27
157289,12,35.924,70.74,3.69
157386,1,32.288,74.62,2.59
157386,2,34.934,72.88,3.15
157386,3,44.222,67.42,3.07
157386,4,55.238,61.28,3.66
157386,5,64.508,64.11,3.94
157386,6,72.266,54.32,3.68
157386,7,75.902,55.26,4.26
157386,8,75.632,50.44,2.87
157386,9,69.458,47.25,2.93
157386,10,57.038,54.81,2.91
157386,11,44.87,58.87,2.61
157386,12,36.338,73.52,3.27
157401,1,35.258,62.54,2.95
157401,2,38.48,67,4.09
157401,3,48.542,61.41,3.9
157401,4,59.072,56.26,4.35
157401,5,68.018,59.39,4.35
157401,6,76.334,49.93,3.22
157401,7,79.862,50.81,3.52
157401,8,79.628,48.6,2.84
157401,9,72.788,43.94,2.89
157401,10,60.242,47.54,3.45
157401,11,47.984,51.45,3.58
157401,12,39.056,62.14,3.94
157447,1,30.146,74.75,2.36
157447,2,32.252,71.57,2.74
157447,3,42.296,67.09,3.25
157447,4,54.014,61.53,3.69
157447,5,63.86,63.61,3.8
157447,6,71.942,54.35,3.54
157447,7,76.01,50.58,3.38
157447,8,75.452,48.39,2.54
157447,9,68.774,44.9,2.73
157447,10,55.904,55.6,2.97
157447,11,43.556,59.96,2.69
157447,12,34.268,73.7,2.97
157757,1,32.054,70.92,2.76
157757,2,34.79,70.77,3.39
157757,3,44.852,65.94,3.62
157757,4,56.066,60.29,4.47
157757,5,65.408,63.67,4.44
157757,6,73.364,52.7,3.68
157757,7,76.856,52.35,3.94
157757,8,76.676,49.13,2.83
157757,9,70.232,45.8,3.2
157757,10,57.452,53.59,3.59
157757,11,44.996,57.64,3.27
157757,12,35.924,70.74,3.69
157809,1,30.146,74.75,2.36
157809,2,32.252,71.57,2.74
157809,3,42.296,67.09,3.25
157809,4,54.014,61.53,3.69
157809,5,63.86,63.61,3.8
157809,6,71.942,54.35,3.54
157809,7,76.01,50.58,3.38
157809,8,75.452,48.39,2.54
157809,9,68.774,44.9,2.73
157809,10,55.904,55.6,2.97
157809,11,43.556,59.96,2.69
157809,12,34.268,73.7,2.97
157818,1,31.676,72.27,2.62
157818,2,34.376,71.86,3.29
157818,3,43.97,67.22,3.3
157818,4,55.076,61.1,4.04
157818,5,64.49,64.38,4.16
157818,6,72.428,53.62,3.57
157818,7,76.118,53.2,4.11
157818,8,75.686,49.88,2.83
157818,9,69.368,46.62,3
157818,10,56.678,54.13,3.18
157818,11,44.312,58.35,2.9
157818,12,35.6,71.96,3.45
157863,1,33.422,67.71,3.02
157863,2,36.572,70.04,3.91
157863,3,45.356,64.88,3.38
157863,4,55.598,58.51,3.91
157863,5,64.454,60.66,3.58
157863,6,72.248,55.92,3.68
157863,7,75.578,59.88,4.41
157863,8,75.236,54.1,2.96
157863,9,69.422,49.07,2.96
157863,10,57.47,50.41,2.72
157863,11,45.5,53.24,2.99
157863,12,37.382,67.82,3.67
157951,1,33.962,65.16,3.21
157951,2,37.166,68.53,4.25
157951,3,46.796,62.87,3.73
157951,4,57.38,56.82,4.63
157951,5,66.326,58.53,4.57
157951,6,74.3,50.81,3.97
157951,7,77.846,52.19,4.5
157951,8,77.27,50.37,3.49
157951,9,70.682,45.63,3.26
157951,10,58.532,48.55,3.48
157951,11,46.31,51.95,3.49
157951,12,37.742,64.56,4.12
158477,1,44.744,55.85,3.33
158477,2,48.452,62.21,4.21
158477,3,57.038,58.5,4.04
158477,4,64.832,54.61,3.66
158477,5,73.184,55.41,3.57
158477,6,81.356,48.8,3.55
158477,7,84.272,48.86,3.06
158477,8,84.596,46.83,2.64
158477,9,78.314,43.19,2.96
158477,10,66.92,40.91,3.75
158477,11,55.58,48.29,3.18
158477,12,47.228,56.95,3.95
159009,1,44.69,56.88,3.86
159009,2,48.416,62.19,4.55
159009,3,56.822,58.72,4.24
159009,4,64.67,54.69,4.15
159009,5,72.914,54.38,3.83
159009,6,80.798,49.44,3.6
159009,7,83.498,51.41,3.45
159009,8,83.408,47.03,3.14
159009,9,77.63,43.96,3.04
159009,10,66.47,40.61,4.15
159009,11,55.148,47.7,3.46
159009,12,47.246,56.68,4.49
159391,1,49.424,57.05,4.08
159391,2,53.816,61.56,4.18
159391,3,60.638,56.92,3.51
159391,4,67.622,51.62,3.81
159391,5,75.362,46.89,4.39
159391,6,81.122,51,5.54
159391,7,81.986,55.9,4.9
159391,8,81.95,51.63,5.36
159391,9,77.972,43.23,4.15
159391,10,69.206,37.02,3.88
159391,11,58.982,44.54,3.1
159391,12,52.268,58.3,4.35
159647,1,44.69,56.88,3.86
159647,2,48.416,62.19,4.55
159647,3,56.822,58.72,4.24
159647,4,64.67,54.69,4.15
159647,5,72.914,54.38,3.83
159647,6,80.798,49.44,3.6
159647,7,83.498,51.41,3.45
159647,8,83.408,47.03,3.14
159647,9,77.63,43.96,3.04
159647,10,66.47,40.61,4.15
159647,11,55.148,47.7,3.46
159647,12,47.246,56.68,4.49
159939,1,53.528,57.34,3.17
159939,2,57.164,60.13,3.79
159939,3,63.212,56.37,3.37
159939,4,69.728,51.56,4.27
159939,5,76.514,45.95,3.83
159939,6,82.202,51.53,5.87
159939,7,83.282,57.22,5.57
159939,8,83.354,53.44,6.14
159939,9,80.15,43.21,4.3
159939,10,72.104,38.02,3.37
159939,11,62.654,44.68,2.55
159939,12,56.354,59.24,4.14
159966,1,52.214,56.43,3.33
159966,2,56.264,57.94,3.69
159966,3,62.474,52.04,3.17
159966,4,68.972,48.94,3.95
159966,5,75.92,43.55,4.07
159966,6,81.608,50.23,5.86
159966,7,82.544,58.26,5.33
159966,8,82.526,56.29,6.04
159966,9,79.016,45.86,4.32
159966,10,70.844,37.07,3.46
159966,11,61.214,42.48,2.64
159966,12,54.986,57.87,4.07
159993,1,44.654,56.88,3.94
159993,2,48.488,62.19,4.73
159993,3,56.894,58.72,4.07
159993,4,64.958,54.69,4.33
159993,5,73.526,54.38,3.82
159993,6,81.374,49.44,3.45
159993,7,83.984,51.41,3.54
159993,8,84.038,47.03,3.18
159993,9,78.566,43.96,3.09
159993,10,67.208,40.61,4.3
159993,11,55.436,47.7,3.49
159993,12,47.408,56.68,4.47
160038,1,45.806,56.33,3.8
160038,2,49.658,62.33,4.4
160038,3,57.83,59.45,4.23
160038,4,65.354,57.67,3.77
160038,5,73.4,58.22,3.45
160038,6,80.996,53.94,3.8
160038,7,83.498,52.16,3.45
160038,8,83.66,49.68,3.22
160038,9,77.846,45.16,3.1
160038,10,67.1,40.35,4.02
160038,11,56.156,46.7,3.53
160038,12,48.272,57.21,4.38
160612,1,49.784,57.34,3.85
160612,2,54.14,60.13,4.27
160612,3,60.746,56.37,3.72
160612,4,67.46,51.56,4.02
160612,5,74.822,45.95,4.3
160612,6,80.96,51.53,5.71
160612,7,82.148,57.22,5.16
160612,8,81.842,53.44,5.77
160612,9,77.81,43.21,4.05
160612,10,68.81,38.02,3.61
160612,11,58.748,44.68,2.88
160612,12,52.556,59.24,4.51
160621,1,49.424,57.05,4.08
160621,2,53.816,61.56,4.18
160621,3,60.638,56.92,3.51
160621,4,67.622,51.62,3.81
160621,5,75.362,46.89,4.39
160621,6,81.122,51,5.54
160621,7,81.986,55.9,4.9
160621,8,81.95,51.63,5.36
160621,9,77.972,43.23,4.15
160621,10,69.206,37.02,3.88
160621,11,58.982,44.54,3.1
160621,12,52.268,58.3,4.35
160658,1,51.314,57.86,3.94
160658,2,55.274,63.83,3.62
160658,3,61.898,59.08,2.99
160658,4,68.63,54.23,3.84
160658,5,75.668,49.72,4.1
160658,6,81.446,50.37,5.89
160658,7,82.4,54.82,5.6
160658,8,82.454,52.55,6.02
160658,9,78.62,44.87,4.66
160658,10,70.448,38.04,4.04
160658,11,60.746,45.61,3.21
160658,12,54.176,58.45,4.04
160755,1,53.528,56.43,3.17
160755,2,57.164,57.94,3.79
160755,3,63.212,52.04,3.37
160755,4,69.728,48.94,4.27
160755,5,76.514,43.55,3.83
160755,6,82.202,50.23,5.87
160755,7,83.282,58.26,5.57
160755,8,83.354,56.29,6.14
160755,9,80.15,45.86,4.3
160755,10,72.104,37.07,3.37
160755,11,62.654,42.48,2.55
160755,12,56.354,57.87,4.14
160977,1,19.868,67.38,2.56
160977,2,21.83,63.4,3.1
160977,3,30.614,62.29,3.03
160977,4,42.368,65.9,3.8
160977,5,53.456,68.23,3.16
160977,6,62.564,66.27,4.27
160977,7,69.044,59.84,3.01
160977,8,68.72,55.68,3.02
160977,9,61.88,52.18,3.22
160977,10,49.82,64.26,4.65
160977,11,38.066,66.31,3.94
160977,12,27.086,68.44,3.93
161004,1,19.868,73.13,2.56
161004,2,21.83,67.97,3.1
161004,3,30.614,63.58,3.03
161004,4,42.368,62.32,3.8
161004,5,53.456,66.08,3.16
161004,6,62.564,62.54,4.27
161004,7,69.044,54.86,3.01
161004,8,68.72,49.95,3.02
161004,9,61.88,48.96,3.22
161004,10,49.82,59.79,4.65
161004,11,38.066,66.54,3.94
161004,12,27.086,72.37,3.93
161086,1,17.474,63.21,2.44
161086,2,19.454,62.47,2.77
161086,3,28.85,61.23,2.79
161086,4,41.198,64.78,3.54
161086,5,52.682,67.41,3.13
161086,6,61.754,65.42,4.09
161086,7,68.252,58.32,2.91
161086,8,67.856,54.24,3.1
161086,9,60.818,51.79,3.16
161086,10,48.506,62.29,4.61
161086,11,36.554,64.05,3.87
161086,12,24.998,65.6,3.81
161226,1,16.124,67.38,2.32
161226,2,18.23,63.4,2.7
161226,3,28.058,62.29,2.6
161226,4,41.414,65.9,3.56
161226,5,53.546,68.23,3.32
161226,6,62.78,66.27,4.48
161226,7,68.828,59.84,3.47
161226,8,67.568,55.68,3.49
161226,9,60.512,52.18,2.98
161226,10,48.038,64.26,4.47
161226,11,35.564,66.31,3.63
161226,12,23.252,68.44,3.7
161253,1,16.592,70.77,2.39
161253,2,18.626,68.98,2.59
161253,3,28.256,64.87,2.68
161253,4,40.982,66.14,3.42
161253,5,52.592,67.02,3.18
161253,6,61.592,66.12,3.99
161253,7,67.82,61.89,2.9
161253,8,66.92,56.3,3.22
161253,9,60.026,53.15,3.11
161253,10,47.93,61.58,4.59
161253,11,35.978,66.03,3.9
161253,12,24.062,71.74,3.81
161341,1,10.544,65.04,2.13
161341,2,13.028,64.62,2.17
161341,3,22.298,62.97,2.45
161341,4,37.256,67.15,2.93
161341,5,50.36,70.39,3.07
161341,6,59.72,66.99,3.83
161341,7,65.732,62.77,3.67
161341,8,64.166,59.16,3.2
161341,9,56.624,55.85,3
161341,10,44.078,66.89,3.83
161341,11,31.604,72.02,3.37
161341,12,18.302,71.01,3.34
161518,1,17.636,65.47,2.4
161518,2,19.616,63.47,2.94
161518,3,28.904,61.56,2.91
161518,4,41.972,61.52,3.71
161518,5,53.87,65.83,3.3
161518,6,63.14,62.47,4.34
161518,7,69.062,54.76,3.46
161518,8,67.838,51.95,3.35
161518,9,60.764,50.07,3.14
161518,10,48.38,59.02,4.51
161518,11,36.212,60.85,3.67
161518,12,24.656,65.52,3.81
161554,1,29.696,65.47,3.32
161554,2,30.056,63.47,3.65
161554,3,34.556,61.56,3.56
161554,4,42.224,61.52,4.03
161554,5,50.432,65.83,3.27
161554,6,58.982,62.47,4.22
161554,7,65.876,54.76,3.09
161554,8,66.704,51.95,3.02
161554,9,61.556,50.07,3.22
161554,10,52.664,59.02,4.68
161554,11,43.754,60.85,4.16
161554,12,35.564,65.52,4.55
162283,1,29.912,63.15,2.26
162283,2,31.982,62.04,2.52
162283,3,40.424,61.04,2.74
162283,4,52.106,59.33,3.14
162283,5,62.294,61.68,3.43
162283,6,71.546,55.61,3.91
162283,7,76.946,52.53,3.69
162283,8,75.632,52.95,3.42
162283,9,68.612,50.95,3.77
162283,10,55.832,53.74,3.5
162283,11,44.078,55.39,2.7
162283,12,34.646,63.34,3.09
162584,1,27.788,69.85,2.06
162584,2,29.84,68.64,2.27
162584,3,38.588,65.43,2.5
162584,4,50.432,64.11,3.03
162584,5,60.566,64.8,3.77
162584,6,68.972,60.08,3.57
162584,7,73.67,57.89,3.19
162584,8,72.662,57.17,2.78
162584,9,65.786,54.48,3.4
162584,10,53.006,58.82,2.8
162584,11,41.414,61.51,2.29
162584,12,32.036,71.58,2.6
162760,1,29.192,65.16,2.23
162760,2,31.316,64.38,2.41
162760,3,40.118,62.59,2.68
162760,4,51.98,61.57,3.14
162760,5,62.24,63.32,3.77
162760,6,71.402,57.03,3.74
162760,7,76.784,54.22,3.45
162760,8,75.47,53.94,3.03
162760,9,68.126,51.8,3.73
162760,10,55.058,54.76,3.26
162760,11,43.16,57.46,2.57
162760,12,33.62,65.9,2.89
162928,1,29.912,63.15,2.26
162928,2,31.982,62.04,2.52
162928,3,40.424,61.04,2.74
162928,4,52.106,59.33,3.14
162928,5,62.294,61.68,3.43
162928,6,71.546,55.61,3.91
162928,7,76.946,52.53,3.69
162928,8,75.632,52.95,3.42
162928,9,68.612,50.95,3.77
162928,10,55.832,53.74,3.5
162928,11,44.078,55.39,2.7
162928,12,34.646,63.34,3.09
163268,1,29.912,63.15,2.26
163268,2,31.982,62.04,2.52
163268,3,40.424,61.04,2.74
163268,4,52.106,59.33,3.14
163268,5,62.294,61.68,3.43
163268,6,71.546,55.61,3.91
163268,7,76.946,52.53,3.69
163268,8,75.632,52.95,3.42
163268,9,68.612,50.95,3.77
163268,10,55.832,53.74,3.5
163268,11,44.078,55.39,2.7
163268,12,34.646,63.34,3.09
163286,1,32.198,61.17,2.16
163286,2,34.34,59.84,2.49
163286,3,42.494,58.92,2.7
163286,4,53.888,56.56,3.07
163286,5,63.752,58.65,3.53
163286,6,73.112,53.69,3.94
163286,7,78.422,52.16,3.75
163286,8,77.234,51.99,3.53
163286,9,70.358,50.49,3.57
163286,10,57.92,50.8,3.38
163286,11,46.13,52.39,2.67
163286,12,36.95,60.38,3.06
163338,1,37.274,62.16,2.65
163338,2,38.714,60.8,2.8
163338,3,44.744,59.59,3.05
163338,4,54.518,55.98,3.1
163338,5,63.968,58.13,3.05
163338,6,73.634,54.03,3.58
163338,7,78.89,51.9,4.18
163338,8,77.81,51.04,4.19
163338,9,72.23,51.26,3.76
163338,10,62.114,51.45,3.73
163338,11,51.152,53.35,2.93
163338,12,42.764,61.98,3.4
163462,1,29.192,65.16,2.23
163462,2,31.316,64.38,2.41
163462,3,40.118,62.59,2.68
163462,4,51.98,61.57,3.14
163462,5,62.24,63.32,3.77
163462,6,71.402,57.03,3.74
163462,7,76.784,54.22,3.45
163462,8,75.47,53.94,3.03
163462,9,68.126,51.8,3.73
163462,10,55.058,54.76,3.26
163462,11,43.16,57.46,2.57
163462,12,33.62,65.9,2.89
163851,1,34.61,62.16,2.41
163851,2,36.734,60.8,2.66
163851,3,43.808,59.59,2.95
163851,4,54.446,55.98,3.03
163851,5,64.166,58.13,3.09
163851,6,73.688,54.03,3.55
163851,7,78.908,51.9,3.8
163851,8,77.468,51.04,3.91
163851,9,71.078,51.26,3.57
163851,10,59.864,51.45,3.59
163851,11,48.434,53.35,2.77
163851,12,39.812,61.98,3.25
163912,1,37.202,61.17,2.33
163912,2,38.57,59.84,2.45
163912,3,45.032,58.92,2.78
163912,4,55.346,56.56,2.9
163912,5,64.868,58.65,3.34
163912,6,74.534,53.69,3.72
163912,7,79.736,52.16,3.84
163912,8,78.674,51.99,4.28
163912,9,73.004,50.49,3.83
163912,10,62.492,50.8,3.54
163912,11,51.206,52.39,2.72
163912,12,42.638,60.38,3.04
164076,1,29.912,63.15,2.26
164076,2,31.982,62.04,2.52
164076,3,40.424,61.04,2.74
164076,4,52.106,59.33,3.14
164076,5,62.294,61.68,3.43
164076,6,71.546,55.61,3.91
164076,7,76.946,52.53,3.69
164076,8,75.632,52.95,3.42
164076,9,68.612,50.95,3.77
164076,10,55.832,53.74,3.5
164076,11,44.078,55.39,2.7
164076,12,34.646,63.34,3.09
164155,1,33.17,61.17,2.19
164155,2,35.15,59.84,2.49
164155,3,42.8,58.92,2.78
164155,4,53.942,56.56,3.03
164155,5,63.878,58.65,3.25
164155,6,73.472,53.69,3.85
164155,7,78.926,52.16,3.72
164155,8,77.63,51.99,3.79
164155,9,71.006,50.49,3.57
164155,10,59.018,50.8,3.44
164155,11,47.354,52.39,2.69
164155,12,38.264,60.38,3.14
164173,1,29.912,63.15,2.26
164173,2,31.982,62.04,2.52
164173,3,40.424,61.04,2.74
164173,4,52.106,59.33,3.14
164173,5,62.294,61.68,3.43
164173,6,71.546,55.61,3.91
164173,7,76.946,52.53,3.69
164173,8,75.632,52.95,3.42
164173,9,68.612,50.95,3.77
164173,10,55.832,53.74,3.5
164173,11,44.078,55.39,2.7
164173,12,34.646,63.34,3.09
164216,1,33.17,63.15,2.19
164216,2,35.15,62.04,2.49
164216,3,42.8,61.04,2.78
164216,4,53.942,59.33,3.03
164216,5,63.878,61.68,3.25
164216,6,73.472,55.61,3.85
164216,7,78.926,52.53,3.72
164216,8,77.63,52.95,3.79
164216,9,71.006,50.95,3.57
164216,10,59.018,53.74,3.44
164216,11,47.354,55.39,2.69
164216,12,38.264,63.34,3.14
164270,1,29.912,65.16,2.26
164270,2,31.982,64.38,2.52
164270,3,40.424,62.59,2.74
164270,4,52.106,61.57,3.14
164270,5,62.294,63.32,3.43
164270,6,71.546,57.03,3.91
164270,7,76.946,54.22,3.69
164270,8,75.632,53.94,3.42
164270,9,68.612,51.8,3.77
164270,10,55.832,54.76,3.5
164270,11,44.078,57.46,2.7
164270,12,34.646,65.9,3.09
164447,1,24.062,64.68,2.46
164447,2,26.06,63.08,2.9
164447,3,33.98,62.74,3.1
164447,4,45.86,63.3,3.43
164447,5,57.326,65.4,2.99
164447,6,66.578,63.29,3.9
164447,7,73.184,57.55,3.31
164447,8,72.032,54.28,3.31
164447,9,64.886,51.44,3.52
164447,10,52.088,61.25,3.98
164447,11,40.442,62.39,3
164447,12,30.542,67.51,3.55
164465,1,21.362,64.68,2.4
164465,2,23.162,63.08,2.81
164465,3,31.568,62.74,2.93
164465,4,44.024,63.3,3.21
164465,5,55.976,65.4,3.04
164465,6,65.03,63.29,3.98
164465,7,71.078,57.55,3.47
164465,8,69.89,54.28,3.4
164465,9,62.762,51.44,3.51
164465,10,49.892,61.25,4.04
164465,11,38.174,62.39,2.93
164465,12,27.842,67.51,3.47
164492,1,22.46,61.75,2.41
164492,2,24.296,61,2.88
164492,3,32.468,60.81,3.17
164492,4,44.582,61.12,3.34
164492,5,56.21,64.3,2.98
164492,6,65.39,61.75,3.83
164492,7,71.816,55.11,3.21
164492,8,70.79,53.19,3.16
164492,9,63.572,51.04,3.26
164492,10,50.81,59.13,4.02
164492,11,39.2,59.71,3.04
164492,12,29.048,63.33,3.53
164562,1,22.46,61.75,2.41
164562,2,24.296,61,2.88
164562,3,32.468,60.81,3.17
164562,4,44.582,61.12,3.34
164562,5,56.21,64.3,2.98
164562,6,65.39,61.75,3.83
164562,7,71.816,55.11,3.21
164562,8,70.79,53.19,3.16
164562,9,63.572,51.04,3.26
164562,10,50.81,59.13,4.02
164562,11,39.2,59.71,3.04
164562,12,29.048,63.33,3.53
164580,1,25.628,61.75,2.59
164580,2,27.266,61,3.06
164580,3,34.34,60.81,3.55
164580,4,45.338,61.12,3.55
164580,5,56.174,64.3,3.06
164580,6,65.426,61.75,3.77
164580,7,72.374,55.11,3.03
164580,8,71.726,53.19,3.01
164580,9,64.706,51.04,3.06
164580,10,52.646,59.13,3.96
164580,11,41.558,59.71,3.26
164580,12,32.036,63.33,3.73
164924,1,25.628,61.75,2.59
164924,2,27.266,61,3.06
164924,3,34.34,60.81,3.55
164924,4,45.338,61.12,3.55
164924,5,56.174,64.3,3.06
164924,6,65.426,61.75,3.77
164924,7,72.374,55.11,3.03
164924,8,71.726,53.19,3.01
164924,9,64.706,51.04,3.06
164924,10,52.646,59.13,3.96
164924,11,41.558,59.71,3.26
164924,12,32.036,63.33,3.73
165015,1,25.628,61.75,2.59
165015,2,27.266,61,3.06
165015,3,34.34,60.81,3.55
165015,4,45.338,61.12,3.55
165015,5,56.174,64.3,3.06
165015,6,65.426,61.75,3.77
165015,7,72.374,55.11,3.03
165015,8,71.726,53.19,3.01
165015,9,64.706,51.04,3.06
165015,10,52.646,59.13,3.96
165015,11,41.558,59.71,3.26
165015,12,32.036,63.33,3.73
165024,1,27.176,68.81,2.75
165024,2,28.76,64.09,3.04
165024,3,35.438,61.17,3.65
165024,4,46.112,59.22,3.64
165024,5,56.75,61.76,2.9
165024,6,66.056,59.31,3.58
165024,7,73.184,54.56,2.93
165024,8,72.554,50.55,2.88
165024,9,65.588,50.11,3.2
165024,10,53.78,58.02,3.97
165024,11,42.872,63.17,3.36
165024,12,33.458,68.16,3.77
165334,1,24.566,61.75,2.53
165334,2,26.438,61,2.92
165334,3,33.944,60.81,3.32
165334,4,45.464,61.12,3.55
165334,5,56.678,64.3,2.9
165334,6,65.876,61.75,3.75
165334,7,72.518,55.11,3.15
165334,8,71.636,53.19,3.09
165334,9,64.598,51.04,3.38
165334,10,52.196,59.13,3.98
165334,11,40.856,59.71,3.13
165334,12,31.082,63.33,3.63
165529,1,27.176,61.75,2.75
165529,2,28.76,61,3.04
165529,3,35.438,60.81,3.65
165529,4,46.112,61.12,3.64
165529,5,56.75,64.3,2.9
165529,6,66.056,61.75,3.58
165529,7,73.184,55.11,2.93
165529,8,72.554,53.19,2.88
165529,9,65.588,51.04,3.2
165529,10,53.78,59.13,3.97
165529,11,42.872,59.71,3.36
165529,12,33.458,63.33,3.77
165574,1,27.176,61.75,2.75
165574,2,28.76,61,3.04
165574,3,35.438,60.81,3.65
165574,4,46.112,61.12,3.64
165574,5,56.75,64.3,2.9
165574,6,66.056,61.75,3.58
165574,7,73.184,55.11,2.93
165574,8,72.554,53.19,2.88
165574,9,65.588,51.04,3.2
165574,10,53.78,59.13,3.97
165574,11,42.872,59.71,3.36
165574,12,33.458,63.33,3.77
165662,1,25.628,61.75,2.59
165662,2,27.266,61,3.06
165662,3,34.34,60.81,3.55
165662,4,45.338,61.12,3.55
165662,5,56.174,64.3,3.06
165662,6,65.426,61.75,3.77
165662,7,72.374,55.11,3.03
165662,8,71.726,53.19,3.01
165662,9,64.706,51.04,3.06
165662,10,52.646,59.13,3.96
165662,11,41.558,59.71,3.26
165662,12,32.036,63.33,3.73
165699,1,31.208,69.71,3.09
165699,2,31.73,65.11,3.47
165699,3,36.212,62.03,3.98
165699,4,44.402,59.59,3.81
165699,5,53.528,62.54,3.14
165699,6,62.564,58.87,3.83
165699,7,69.782,51.72,2.97
165699,8,69.998,48.46,2.95
165699,9,64.328,48.47,3.02
165699,10,54.608,58.43,4.06
165699,11,45.176,64.88,3.59
165699,12,37.022,69.52,4.2
165820,1,22.46,61.75,2.41
165820,2,24.296,61,2.88
165820,3,32.468,60.81,3.17
165820,4,44.582,61.12,3.34
165820,5,56.21,64.3,2.98
165820,6,65.39,61.75,3.83
165820,7,71.816,55.11,3.21
165820,8,70.79,53.19,3.16
165820,9,63.572,51.04,3.26
165820,10,50.81,59.13,4.02
165820,11,39.2,59.71,3.04
165820,12,29.048,63.33,3.53
165866,1,25.628,61.75,2.59
165866,2,27.266,61,3.06
165866,3,34.34,60.81,3.55
165866,4,45.338,61.12,3.55
165866,5,56.174,64.3,3.06
165866,6,65.426,61.75,3.77
165866,7,72.374,55.11,3.03
165866,8,71.726,53.19,3.01
165866,9,64.706,51.04,3.06
165866,10,52.646,59.13,3.96
165866,11,41.558,59.71,3.26
165866,12,32.036,63.33,3.73
165936,1,31.208,69.71,3.09
165936,2,31.73,65.11,3.47
165936,3,36.212,62.03,3.98
165936,4,44.402,59.59,3.81
165936,5,53.528,62.54,3.14
165936,6,62.564,58.87,3.83
165936,7,69.782,51.72,2.97
165936,8,69.998,48.46,2.95
165936,9,64.328,48.47,3.02
165936,10,54.608,58.43,4.06
165936,11,45.176,64.88,3.59
165936,12,37.022,69.52,4.2
166027,1,25.628,61.75,2.59
166027,2,27.266,61,3.06
166027,3,34.34,60.81,3.55
166027,4,45.338,61.12,3.55
166027,5,56.174,64.3,3.06
166027,6,65.426,61.75,3.77
166027,7,72.374,55.11,3.03
166027,8,71.726,53.19,3.01
166027,9,64.706,51.04,3.06
166027,10,52.646,59.13,3.96
166027,11,41.558,59.71,3.26
166027,12,32.036,63.33,3.73
166124,1,24.566,61.75,2.53
166124,2,26.438,61,2.92
166124,3,33.944,60.81,3.32
166124,4,45.464,61.12,3.55
166124,5,56.678,64.3,2.9
166124,6,65.876,61.75,3.75
166124,7,72.518,55.11,3.15
166124,8,71.636,53.19,3.09
166124,9,64.598,51.04,3.38
166124,10,52.196,59.13,3.98
166124,11,40.856,59.71,3.13
166124,12,31.082,63.33,3.63
166391,1,25.628,61.75,2.59
166391,2,27.266,61,3.06
166391,3,34.34,60.81,3.55
166391,4,45.338,61.12,3.55
166391,5,56.174,64.3,3.06
166391,6,65.426,61.75,3.77
166391,7,72.374,55.11,3.03
166391,8,71.726,53.19,3.01
166391,9,64.706,51.04,3.06
166391,10,52.646,59.13,3.96
166391,11,41.558,59.71,3.26
166391,12,32.036,63.33,3.73
166452,1,25.628,61.75,2.59
166452,2,27.266,61,3.06
166452,3,34.34,60.81,3.55
166452,4,45.338,61.12,3.55
166452,5,56.174,64.3,3.06
166452,6,65.426,61.75,3.77
166452,7,72.374,55.11,3.03
166452,8,71.726,53.19,3.01
166452,9,64.706,51.04,3.06
166452,10,52.646,59.13,3.96
166452,11,41.558,59.71,3.26
166452,12,32.036,63.33,3.73
166513,1,25.628,61.75,2.59
166513,2,27.266,61,3.06
166513,3,34.34,60.81,3.55
166513,4,45.338,61.12,3.55
166513,5,56.174,64.3,3.06
166513,6,65.426,61.75,3.77
166513,7,72.374,55.11,3.03
166513,8,71.726,53.19,3.01
166513,9,64.706,51.04,3.06
166513,10,52.646,59.13,3.96
166513,11,41.558,59.71,3.26
166513,12,32.036,63.33,3.73
166629,1,21.362,64.68,2.4
166629,2,23.162,63.08,2.81
166629,3,31.568,62.74,2.93
166629,4,44.024,63.3,3.21
166629,5,55.976,65.4,3.04
166629,6,65.03,63.29,3.98
166629,7,71.078,57.55,3.47
166629,8,69.89,54.28,3.4
166629,9,62.762,51.44,3.51
166629,10,49.892,61.25,4.04
166629,11,38.174,62.39,2.93
166629,12,27.842,67.51,3.47
166638,1,25.628,61.75,2.59
166638,2,27.266,61,3.06
166638,3,34.34,60.81,3.55
166638,4,45.338,61.12,3.55
166638,5,56.174,64.3,3.06
166638,6,65.426,61.75,3.77
166638,7,72.374,55.11,3.03
166638,8,71.726,53.19,3.01
166638,9,64.706,51.04,3.06
166638,10,52.646,59.13,3.96
166638,11,41.558,59.71,3.26
166638,12,32.036,63.33,3.73
166683,1,25.628,61.75,2.59
166683,2,27.266,61,3.06
166683,3,34.34,60.81,3.55
166683,4,45.338,61.12,3.55
166683,5,56.174,64.3,3.06
166683,6,65.426,61.75,3.77
166683,7,72.374,55.11,3.03
166683,8,71.726,53.19,3.01
166683,9,64.706,51.04,3.06
166683,10,52.646,59.13,3.96
166683,11,41.558,59.71,3.26
166683,12,32.036,63.33,3.73
166692,1,33.548,68.81,2.9
166692,2,33.566,64.09,2.99
166692,3,37.508,61.17,3.53
166692,4,45.266,59.22,3.42
166692,5,54.014,61.76,2.79
166692,6,63.464,59.31,3.05
166692,7,71.168,54.56,2.54
166692,8,71.726,50.55,2.52
166692,9,66.452,50.11,3.2
166692,10,57.434,58.02,3.82
166692,11,48.056,63.17,3.49
166692,12,39.722,68.16,3.7
166850,1,25.628,61.75,2.59
166850,2,27.266,61,3.06
166850,3,34.34,60.81,3.55
166850,4,45.338,61.12,3.55
166850,5,56.174,64.3,3.06
166850,6,65.426,61.75,3.77
166850,7,72.374,55.11,3.03
166850,8,71.726,53.19,3.01
166850,9,64.706,51.04,3.06
166850,10,52.646,59.13,3.96
166850,11,41.558,59.71,3.26
166850,12,32.036,63.33,3.73
167260,1,24.566,61.75,2.53
167260,2,26.438,61,2.92
167260,3,33.944,60.81,3.32
167260,4,45.464,61.12,3.55
167260,5,56.678,64.3,2.9
167260,6,65.876,61.75,3.75
167260,7,72.518,55.11,3.15
167260,8,71.636,53.19,3.09
167260,9,64.598,51.04,3.38
167260,10,52.196,59.13,3.98
167260,11,40.856,59.71,3.13
167260,12,31.082,63.33,3.63
167288,1,20.498,70.81,2.4
167288,2,22.244,68.48,2.71
167288,3,30.56,65.49,2.81
167288,4,43.196,64.41,3.1
167288,5,55.346,66.12,3.12
167288,6,64.238,62.43,4.08
167288,7,69.782,55.94,3.62
167288,8,68.558,54.57,3.61
167288,9,61.646,51.14,3.64
167288,10,48.902,64.1,4.04
167288,11,37.238,66.49,2.87
167288,12,26.942,73.74,3.42
167358,1,25.628,61.75,2.59
167358,2,27.266,61,3.06
167358,3,34.34,60.81,3.55
167358,4,45.338,61.12,3.55
167358,5,56.174,64.3,3.06
167358,6,65.426,61.75,3.77
167358,7,72.374,55.11,3.03
167358,8,71.726,53.19,3.01
167358,9,64.706,51.04,3.06
167358,10,52.646,59.13,3.96
167358,11,41.558,59.71,3.26
167358,12,32.036,63.33,3.73
167394,1,24.062,64.68,2.46
167394,2,26.06,63.08,2.9
167394,3,33.98,62.74,3.1
167394,4,45.86,63.3,3.43
167394,5,57.326,65.4,2.99
167394,6,66.578,63.29,3.9
167394,7,73.184,57.55,3.31
167394,8,72.032,54.28,3.31
167394,9,64.886,51.44,3.52
167394,10,52.088,61.25,3.98
167394,11,40.442,62.39,3
167394,12,30.542,67.51,3.55
167729,1,31.208,69.71,3.09
167729,2,31.73,65.11,3.47
167729,3,36.212,62.03,3.98
167729,4,44.402,59.59,3.81
167729,5,53.528,62.54,3.14
167729,6,62.564,58.87,3.83
167729,7,69.782,51.72,2.97
167729,8,69.998,48.46,2.95
167729,9,64.328,48.47,3.02
167729,10,54.608,58.43,4.06
167729,11,45.176,64.88,3.59
167729,12,37.022,69.52,4.2
167899,1,24.062,64.68,2.46
167899,2,26.06,63.08,2.9
167899,3,33.98,62.74,3.1
167899,4,45.86,63.3,3.43
167899,5,57.326,65.4,2.99
167899,6,66.578,63.29,3.9
167899,7,73.184,57.55,3.31
167899,8,72.032,54.28,3.31
167899,9,64.886,51.44,3.52
167899,10,52.088,61.25,3.98
167899,11,40.442,62.39,3
167899,12,30.542,67.51,3.55
167987,1,31.586,69.23,2.66
167987,2,32.162,64.52,2.88
167987,3,37.22,60.74,3.48
167987,4,46.058,59.03,3.51
167987,5,55.616,61.91,2.8
167987,6,64.886,58.64,3.35
167987,7,72.212,54.33,2.77
167987,8,72.266,51.53,2.69
167987,9,66.452,51.74,3.31
167987,10,56.498,60.09,3.85
167987,11,46.67,64.19,3.22
167987,12,37.85,68.6,3.64
167996,1,27.176,61.75,2.75
167996,2,28.76,61,3.04
167996,3,35.438,60.81,3.65
167996,4,46.112,61.12,3.64
167996,5,56.75,64.3,2.9
167996,6,66.056,61.75,3.58
167996,7,73.184,55.11,2.93
167996,8,72.554,53.19,2.88
167996,9,65.588,51.04,3.2
167996,10,53.78,59.13,3.97
167996,11,42.872,59.71,3.36
167996,12,33.458,63.33,3.77
168005,1,25.628,61.75,2.59
168005,2,27.266,61,3.06
168005,3,34.34,60.81,3.55
168005,4,45.338,61.12,3.55
168005,5,56.174,64.3,3.06
168005,6,65.426,61.75,3.77
168005,7,72.374,55.11,3.03
168005,8,71.726,53.19,3.01
168005,9,64.706,51.04,3.06
168005,10,52.646,59.13,3.96
168005,11,41.558,59.71,3.26
168005,12,32.036,63.33,3.73
168148,1,25.628,61.75,2.59
168148,2,27.266,61,3.06
168148,3,34.34,60.81,3.55
168148,4,45.338,61.12,3.55
168148,5,56.174,64.3,3.06
168148,6,65.426,61.75,3.77
168148,7,72.374,55.11,3.03
168148,8,71.726,53.19,3.01
168148,9,64.706,51.04,3.06
168148,10,52.646,59.13,3.96
168148,11,41.558,59.71,3.26
168148,12,32.036,63.33,3.73
168227,1,25.628,61.75,2.59
168227,2,27.266,61,3.06
168227,3,34.34,60.81,3.55
168227,4,45.338,61.12,3.55
168227,5,56.174,64.3,3.06
168227,6,65.426,61.75,3.77
168227,7,72.374,55.11,3.03
168227,8,71.726,53.19,3.01
168227,9,64.706,51.04,3.06
168227,10,52.646,59.13,3.96
168227,11,41.558,59.71,3.26
168227,12,32.036,63.33,3.73
168254,1,24.062,64.68,2.46
168254,2,26.06,63.08,2.9
168254,3,33.98,62.74,3.1
168254,4,45.86,63.3,3.43
168254,5,57.326,65.4,2.99
168254,6,66.578,63.29,3.9
168254,7,73.184,57.55,3.31
168254,8,72.032,54.28,3.31
168254,9,64.886,51.44,3.52
168254,10,52.088,61.25,3.98
168254,11,40.442,62.39,3
168254,12,30.542,67.51,3.55
168263,1,24.062,64.68,2.46
168263,2,26.06,63.08,2.9
168263,3,33.98,62.74,3.1
168263,4,45.86,63.3,3.43
168263,5,57.326,65.4,2.99
168263,6,66.578,63.29,3.9
168263,7,73.184,57.55,3.31
168263,8,72.032,54.28,3.31
168263,9,64.886,51.44,3.52
168263,10,52.088,61.25,3.98
168263,11,40.442,62.39,3
168263,12,30.542,67.51,3.55
168281,1,27.176,69.23,2.75
168281,2,28.76,64.52,3.04
168281,3,35.438,60.74,3.65
168281,4,46.112,59.03,3.64
168281,5,56.75,61.91,2.9
168281,6,66.056,58.64,3.58
168281,7,73.184,54.33,2.93
168281,8,72.554,51.53,2.88
168281,9,65.588,51.74,3.2
168281,10,53.78,60.09,3.97
168281,11,42.872,64.19,3.36
168281,12,33.458,68.6,3.77
168342,1,20.498,70.81,2.4
168342,2,22.244,68.48,2.71
168342,3,30.56,65.49,2.81
168342,4,43.196,64.41,3.1
168342,5,55.346,66.12,3.12
168342,6,64.238,62.43,4.08
168342,7,69.782,55.94,3.62
168342,8,68.558,54.57,3.61
168342,9,61.646,51.14,3.64
168342,10,48.902,64.1,4.04
168342,11,37.238,66.49,2.87
168342,12,26.942,73.74,3.42
168421,1,22.46,61.75,2.41
168421,2,24.296,61,2.88
168421,3,32.468,60.81,3.17
168421,4,44.582,61.12,3.34
168421,5,56.21,64.3,2.98
168421,6,65.39,61.75,3.83
168421,7,71.816,55.11,3.21
168421,8,70.79,53.19,3.16
168421,9,63.572,51.04,3.26
168421,10,50.81,59.13,4.02
168421,11,39.2,59.71,3.04
168421,12,29.048,63.33,3.53
168430,1,22.46,61.75,2.41
168430,2,24.296,61,2.88
168430,3,32.468,60.81,3.17
168430,4,44.582,61.12,3.34
168430,5,56.21,64.3,2.98
168430,6,65.39,61.75,3.83
168430,7,71.816,55.11,3.21
168430,8,70.79,53.19,3.16
168430,9,63.572,51.04,3.26
168430,10,50.81,59.13,4.02
168430,11,39.2,59.71,3.04
168430,12,29.048,63.33,3.53
168528,1,24.08,76.88,1.69
168528,2,25.664,72.55,1.94
168528,3,35.294,67.65,1.97
168528,4,46.85,63.73,2.66
168528,5,58.622,64.38,3.27
168528,6,68.612,56.52,2.87
168528,7,73.832,48.72,2.8
168528,8,72.518,48.47,2.67
168528,9,65.174,47.26,2.53
168528,10,51.854,60.11,2.34
168528,11,39.632,66.08,2.22
168528,12,29.444,77.08,1.92
168546,1,23.252,77.44,1.69
168546,2,25.016,72.51,1.89
168546,3,35.222,66.51,1.83
168546,4,46.85,63.99,2.72
168546,5,58.46,63.88,3.49
168546,6,68.162,55.74,3.02
168546,7,72.788,48.96,2.76
168546,8,71.492,49.54,2.88
168546,9,64.256,49.12,2.53
168546,10,50.756,63.07,2.71
168546,11,38.606,69.19,2.15
168546,12,28.526,81.03,1.79
168591,1,21.11,74.71,1.55
168591,2,22.532,70.73,1.72
168591,3,32.756,63.84,1.67
168591,4,44.654,63.38,2.98
168591,5,56.624,62.66,3.2
168591,6,66.308,54.96,2.89
168591,7,71.258,48.06,2.43
168591,8,69.746,49.68,2.7
168591,9,62.744,49.57,2.32
168591,10,49.532,64.94,2.86
168591,11,37.616,71.36,1.96
168591,12,26.942,78.72,1.78
169080,1,22.91,80.01,1.99
169080,2,24.008,75.27,2.14
169080,3,33.584,66.88,2.04
169080,4,45.086,63.38,3.2
169080,5,56.624,63.7,3.36
169080,6,66.308,55.79,2.95
169080,7,71.276,48.87,2.55
169080,8,70.142,49.21,2.81
169080,9,63.392,49.49,2.62
169080,10,50.288,64.21,3.53
169080,11,38.66,70.84,2.42
169080,12,28.436,82.43,2.13
169248,1,20.588,74.71,1.64
169248,2,21.722,70.73,1.77
169248,3,31.91,63.84,1.84
169248,4,43.88,63.38,3.08
169248,5,55.832,62.66,3.21
169248,6,65.498,54.96,2.87
169248,7,70.358,48.06,2.35
169248,8,68.882,49.68,2.75
169248,9,61.988,49.57,2.33
169248,10,48.776,64.94,3.06
169248,11,36.95,71.36,2.11
169248,12,26.24,78.72,1.91
169479,1,22.91,80.01,1.99
169479,2,24.008,75.27,2.14
169479,3,33.584,66.88,2.04
169479,4,45.086,63.38,3.2
169479,5,56.624,63.7,3.36
169479,6,66.308,55.79,2.95
169479,7,71.276,48.87,2.55
169479,8,70.142,49.21,2.81
169479,9,63.392,49.49,2.62
169479,10,50.288,64.21,3.53
169479,11,38.66,70.84,2.42
169479,12,28.436,82.43,2.13
169798,1,22.442,76.51,1.73
169798,2,23.882,72.05,1.94
169798,3,34.016,67.63,1.84
169798,4,45.644,64.23,2.66
169798,5,57.488,64.31,3.33
169798,6,67.118,55.71,2.9
169798,7,72.338,49.7,2.7
169798,8,71.15,49.43,2.67
169798,9,63.896,49.21,2.57
169798,10,50.522,63.15,2.52
169798,11,38.336,68.51,2.12
169798,12,28.076,78.92,1.83
170082,1,22.91,80.01,1.99
170082,2,24.008,75.27,2.14
170082,3,33.584,66.88,2.04
170082,4,45.086,63.38,3.2
170082,5,56.624,63.7,3.36
170082,6,66.308,55.79,2.95
170082,7,71.276,48.87,2.55
170082,8,70.142,49.21,2.81
170082,9,63.392,49.49,2.62
170082,10,50.288,64.21,3.53
170082,11,38.66,70.84,2.42
170082,12,28.436,82.43,2.13
170286,1,23.072,76.88,1.66
170286,2,24.728,72.55,1.96
170286,3,34.898,67.65,1.89
170286,4,46.526,63.73,2.71
170286,5,58.244,64.38,3.4
170286,6,67.928,56.52,2.92
170286,7,72.626,48.72,2.79
170286,8,71.348,48.47,2.73
170286,9,64.094,47.26,2.5
170286,10,50.684,60.11,2.46
170286,11,38.48,66.08,2.18
170286,12,28.346,77.08,1.85
170301,1,27.374,84.57,2.08
170301,2,27.176,81.55,2.13
170301,3,33.908,83.56,2.07
170301,4,42.944,88.68,3.22
170301,5,52.358,88.2,3.31
170301,6,62.816,84.71,2.94
170301,7,70.268,81.5,2.47
170301,8,70.502,78.2,2.78
170301,9,64.58,69.13,2.74
170301,10,52.592,73,3.64
170301,11,41.864,76.2,2.5
170301,12,32.522,84.15,2.22
170532,1,23.702,80.01,1.99
170532,2,25.016,75.27,2.07
170532,3,34.592,66.88,1.94
170532,4,45.914,63.38,2.96
170532,5,57.344,63.7,3.48
170532,6,67.262,55.79,3.08
170532,7,72.482,48.87,2.69
170532,8,71.366,49.21,3.04
170532,9,64.22,49.49,2.69
170532,10,50.882,64.21,3.5
170532,11,39.074,70.84,2.31
170532,12,29.138,82.43,2.03
170976,1,22.442,76.51,1.73
170976,2,23.882,72.05,1.94
170976,3,34.016,67.63,1.84
170976,4,45.644,64.23,2.66
170976,5,57.488,64.31,3.33
170976,6,67.118,55.71,2.9
170976,7,72.338,49.7,2.7
170976,8,71.15,49.43,2.67
170976,9,63.896,49.21,2.57
170976,10,50.522,63.15,2.52
170976,11,38.336,68.51,2.12
170976,12,28.076,78.92,1.83
171100,1,22.442,77.44,1.68
171100,2,23.99,72.51,1.92
171100,3,34.124,66.51,1.75
171100,4,45.752,63.99,2.68
171100,5,57.614,63.88,3.48
171100,6,67.226,55.74,3.05
171100,7,72.05,48.96,2.68
171100,8,70.88,49.54,2.76
171100,9,63.68,49.12,2.49
171100,10,50.27,63.07,2.77
171100,11,38.138,69.19,2.05
171100,12,27.986,81.03,1.76
171492,1,21.11,74.71,1.55
171492,2,22.532,70.73,1.72
171492,3,32.756,63.84,1.67
171492,4,44.654,63.38,2.98
171492,5,56.624,62.66,3.2
171492,6,66.308,54.96,2.89
171492,7,71.258,48.06,2.43
171492,8,69.746,49.68,2.7
171492,9,62.744,49.57,2.32
171492,10,49.532,64.94,2.86
171492,11,37.616,71.36,1.96
171492,12,26.942,78.72,1.78
171571,1,23.486,76.51,1.69
171571,2,24.71,72.05,1.85
171571,3,34.286,67.63,1.81
171571,4,45.734,64.23,2.55
171571,5,57.416,64.31,3.13
171571,6,67.082,55.71,2.79
171571,7,72.32,49.7,2.74
171571,8,71.294,49.43,2.63
171571,9,64.4,49.21,2.48
171571,10,51.458,63.15,2.31
171571,11,39.488,68.51,2.08
171571,12,29.282,78.92,1.78
171599,1,22.712,77.44,1.73
171599,2,24.26,72.51,1.9
171599,3,34.304,66.51,1.79
171599,4,45.896,63.99,2.77
171599,5,57.668,63.88,3.48
171599,6,67.37,55.74,3.05
171599,7,72.23,48.96,2.68
171599,8,70.988,49.54,2.88
171599,9,63.77,49.12,2.54
171599,10,50.288,63.07,3.07
171599,11,38.246,69.19,2.11
171599,12,28.202,81.03,1.77
172051,1,22.352,75.98,1.62
172051,2,23.378,73.86,1.77
172051,3,32.648,69.33,1.65
172051,4,43.952,67.37,2.92
172051,5,55.67,67.46,3.13
172051,6,65.498,59.49,2.91
172051,7,71.006,54.09,2.55
172051,8,69.818,55.2,2.75
172051,9,63.23,54.2,2.45
172051,10,50.504,66.61,2.78
172051,11,38.696,71.77,1.96
172051,12,28.346,79.17,1.79
172644,1,23.486,76.51,1.69
172644,2,24.71,72.05,1.85
172644,3,34.286,67.63,1.81
172644,4,45.734,64.23,2.55
172644,5,57.416,64.31,3.13
172644,6,67.082,55.71,2.79
172644,7,72.32,49.7,2.74
172644,8,71.294,49.43,2.63
172644,9,64.4,49.21,2.48
172644,10,51.458,63.15,2.31
172644,11,39.488,68.51,2.08
172644,12,29.282,78.92,1.78
172699,1,23.702,80.01,1.99
172699,2,25.016,75.27,2.07
172699,3,34.592,66.88,1.94
172699,4,45.914,63.38,2.96
172699,5,57.344,63.7,3.48
172699,6,67.262,55.79,3.08
172699,7,72.482,48.87,2.69
172699,8,71.366,49.21,3.04
172699,9,64.22,49.49,2.69
172699,10,50.882,64.21,3.5
172699,11,39.074,70.84,2.31
172699,12,29.138,82.43,2.03
173045,1,12.992,62.28,0.57
173045,2,16.034,60.51,0.94
173045,3,30.992,66.82,1.41
173045,4,44.708,61.26,2.73
173045,5,57.002,62.79,3.53
173045,6,67.712,57.7,4.33
173045,7,73.058,45.56,3.03
173045,8,70.124,49.09,3.44
173045,9,62.132,48.55,2.98
173045,10,46.544,58.68,2.27
173045,11,33.152,63.3,1.1
173045,12,19.256,69.13,1.2
173124,1,6.584,63.74,0.5
173124,2,9.752,60.28,0.56
173124,3,25.988,63.08,0.96
173124,4,40.442,63.7,1.6
173124,5,53.24,63.14,2.48
173124,6,64.256,60.76,3.43
173124,7,70.7,49.89,2.58
173124,8,68.252,50.42,2.21
173124,9,58.73,55.67,2.38
173124,10,42.26,64.54,2.12
173124,11,28.094,69.35,0.78
173124,12,13.388,70.28,0.73
173142,1,15.584,62.28,0.58
173142,2,18.608,60.51,0.94
173142,3,32.918,66.82,1.45
173142,4,45.95,61.26,2.7
173142,5,58.046,62.79,3.49
173142,6,68.738,57.7,4.24
173142,7,73.796,45.56,3.08
173142,8,70.934,49.09,3.03
173142,9,63.05,48.55,3.02
173142,10,47.462,58.68,2
173142,11,34.358,63.3,1.1
173142,12,21.362,69.13,1.1
173160,1,12.992,60.81,0.57
173160,2,16.034,57.47,0.94
173160,3,30.992,61.37,1.41
173160,4,44.708,62.47,2.73
173160,5,57.002,63.29,3.53
173160,6,67.712,58.57,4.33
173160,7,73.058,48.62,3.03
173160,8,70.124,49.89,3.44
173160,9,62.132,51.17,2.98
173160,10,46.544,61.05,2.27
173160,11,33.152,65.79,1.1
173160,12,19.256,69.02,1.2
173258,1,14.27,62.28,0.58
173258,2,17.222,60.51,0.96
173258,3,31.73,66.82,1.44
173258,4,44.996,61.26,2.66
173258,5,57.2,62.79,3.49
173258,6,67.946,57.7,4.26
173258,7,73.292,45.56,2.97
173258,8,70.502,49.09,3.37
173258,9,62.42,48.55,2.95
173258,10,46.832,58.68,2.08
173258,11,33.638,63.3,1.11
173258,12,20.318,69.13,1.15
173300,1,9.716,61.87,0.46
173300,2,13.226,60.12,0.55
173300,3,29.552,66.11,0.95
173300,4,43.772,61.21,1.51
173300,5,56.534,61.1,2.7
173300,6,67.352,57.39,3.46
173300,7,73.382,48.24,2.57
173300,8,70.304,48.68,2.24
173300,9,60.8,50.18,2.3
173300,10,44.51,60.33,1.83
173300,11,30.632,64.25,0.58
173300,12,16.268,68.07,0.77
173328,1,12.992,62.28,0.57
173328,2,16.034,60.51,0.94
173328,3,30.992,66.82,1.41
173328,4,44.708,61.26,2.73
173328,5,57.002,62.79,3.53
173328,6,67.712,57.7,4.33
173328,7,73.058,45.56,3.03
173328,8,70.124,49.09,3.44
173328,9,62.132,48.55,2.98
173328,10,46.544,58.68,2.27
173328,11,33.152,63.3,1.1
173328,12,19.256,69.13,1.2
173452,1,14.972,61.75,0.48
173452,2,18.086,60.71,0.83
173452,3,32.666,68.2,1.28
173452,4,45.932,60.83,2.46
173452,5,58.208,62.14,3.18
173452,6,69.026,57.38,3.86
173452,7,74.57,45.68,2.63
173452,8,71.528,48.19,2.93
173452,9,63.284,47.04,2.65
173452,10,47.336,57.21,1.95
173452,11,34.106,61.36,0.94
173452,12,20.768,67.06,0.92
173647,1,14.612,62.28,0.52
173647,2,17.69,60.51,0.89
173647,3,32.252,66.82,1.35
173647,4,45.482,61.26,2.56
173647,5,57.704,62.79,3.35
173647,6,68.486,57.7,4.04
173647,7,73.868,45.56,2.88
173647,8,70.97,49.09,3.1
173647,9,62.87,48.55,2.75
173647,10,47.12,58.68,1.95
173647,11,33.89,63.3,1.01
173647,12,20.552,69.13,1.04
173665,1,12.992,62.28,0.57
173665,2,16.034,60.51,0.94
173665,3,30.992,66.82,1.41
173665,4,44.708,61.26,2.73
173665,5,57.002,62.79,3.53
173665,6,67.712,57.7,4.33
173665,7,73.058,45.56,3.03
173665,8,70.124,49.09,3.44
173665,9,62.132,48.55,2.98
173665,10,46.544,58.68,2.27
173665,11,33.152,63.3,1.1
173665,12,19.256,69.13,1.2
173902,1,12.992,62.28,0.57
173902,2,16.034,60.51,0.94
173902,3,30.992,66.82,1.41
173902,4,44.708,61.26,2.73
173902,5,57.002,62.79,3.53
173902,6,67.712,57.7,4.33
173902,7,73.058,45.56,3.03
173902,8,70.124,49.09,3.44
173902,9,62.132,48.55,2.98
173902,10,46.544,58.68,2.27
173902,11,33.152,63.3,1.1
173902,12,19.256,69.13,1.2
173920,1,15.584,62.28,0.58
173920,2,18.608,60.51,0.94
173920,3,32.918,66.82,1.45
173920,4,45.95,61.26,2.7
173920,5,58.046,62.79,3.49
173920,6,68.738,57.7,4.24
173920,7,73.796,45.56,3.08
173920,8,70.934,49.09,3.03
173920,9,63.05,48.55,3.02
173920,10,47.462,58.68,2
173920,11,34.358,63.3,1.1
173920,12,21.362,69.13,1.1
174066,1,12.992,62.28,0.57
174066,2,16.034,60.51,0.94
174066,3,30.992,66.82,1.41
174066,4,44.708,61.26,2.73
174066,5,57.002,62.79,3.53
174066,6,67.712,57.7,4.33
174066,7,73.058,45.56,3.03
174066,8,70.124,49.09,3.44
174066,9,62.132,48.55,2.98
174066,10,46.544,58.68,2.27
174066,11,33.152,63.3,1.1
174066,12,19.256,69.13,1.2
174075,1,6.908,60.85,0.45
174075,2,10.4,57.61,0.5
174075,3,27.626,64.6,0.89
174075,4,42.782,62.95,1.25
174075,5,55.562,60.56,2.7
174075,6,66.236,58.75,3.47
174075,7,72.176,49.72,2.49
174075,8,69.296,50.29,2.23
174075,9,59.45,52.16,2.15
174075,10,43.304,62.2,1.68
174075,11,28.994,66.38,0.62
174075,12,14.018,67.53,0.7
174233,1,10.418,62.88,0.73
174233,2,12.812,58.75,0.94
174233,3,26.042,61.99,1.33
174233,4,38.3,64.16,2.39
174233,5,49.1,64.95,2.94
174233,6,58.964,60.58,3.47
174233,7,67.19,50.76,2.86
174233,8,66.29,51.83,2.89
174233,9,58.172,55.58,2.72
174233,10,43.448,64.04,2.62
174233,11,30.578,69,1.34
174233,12,17.492,70.84,1.35
174251,1,12.452,60.34,0.4
174251,2,15.638,58.14,0.63
174251,3,30.794,64.19,1.01
174251,4,44.6,60.91,1.87
174251,5,57.218,62.05,2.52
174251,6,68.09,57.86,3.26
174251,7,73.868,46.35,2.7
174251,8,70.502,48.16,2.66
174251,9,61.79,49.39,2.23
174251,10,45.572,59.63,1.94
174251,11,32.054,63.15,0.74
174251,12,18.482,67.84,0.68
174437,1,12.992,62.28,0.57
174437,2,16.034,60.51,0.94
174437,3,30.992,66.82,1.41
174437,4,44.708,61.26,2.73
174437,5,57.002,62.79,3.53
174437,6,67.712,57.7,4.33
174437,7,73.058,45.56,3.03
174437,8,70.124,49.09,3.44
174437,9,62.132,48.55,2.98
174437,10,46.544,58.68,2.27
174437,11,33.152,63.3,1.1
174437,12,19.256,69.13,1.2
174491,1,12.992,60.81,0.57
174491,2,16.034,57.47,0.94
174491,3,30.992,61.37,1.41
174491,4,44.708,62.47,2.73
174491,5,57.002,63.29,3.53
174491,6,67.712,58.57,4.33
174491,7,73.058,48.62,3.03
174491,8,70.124,49.89,3.44
174491,9,62.132,51.17,2.98
174491,10,46.544,61.05,2.27
174491,11,33.152,65.79,1.1
174491,12,19.256,69.02,1.2
174783,1,11.588,60.34,0.43
174783,2,14.774,58.14,0.81
174783,3,29.804,64.19,1.23
174783,4,43.664,60.91,2.3
174783,5,56.138,62.05,3.04
174783,6,66.992,57.86,3.61
174783,7,72.698,46.35,2.87
174783,8,69.89,48.16,3.03
174783,9,61.412,49.39,2.52
174783,10,45.356,59.63,2.22
174783,11,31.82,63.15,0.92
174783,12,17.834,67.84,0.88
174792,1,11.588,60.34,0.43
174792,2,14.774,58.14,0.81
174792,3,29.804,64.19,1.23
174792,4,43.664,60.91,2.3
174792,5,56.138,62.05,3.04
174792,6,66.992,57.86,3.61
174792,7,72.698,46.35,2.87
174792,8,69.89,48.16,3.03
174792,9,61.412,49.39,2.52
174792,10,45.356,59.63,2.22
174792,11,31.82,63.15,0.92
174792,12,17.834,67.84,0.88
174817,1,14.738,63.55,0.77
174817,2,17.6,60.87,1.13
174817,3,31.82,62.35,1.63
174817,4,44.744,63.47,3.03
174817,5,56.732,63.4,3.86
174817,6,67.208,58,4.66
174817,7,72.392,47.24,3.13
174817,8,69.782,49.8,3.52
174817,9,61.97,49.57,3.38
174817,10,46.94,60.96,2.31
174817,11,33.908,66.18,1.35
174817,12,20.768,71.13,1.28
174844,1,14.27,62.28,0.58
174844,2,17.222,60.51,0.96
174844,3,31.73,66.82,1.44
174844,4,44.996,61.26,2.66
174844,5,57.2,62.79,3.49
174844,6,67.946,57.7,4.26
174844,7,73.292,45.56,2.97
174844,8,70.502,49.09,3.37
174844,9,62.42,48.55,2.95
174844,10,46.832,58.68,2.08
174844,11,33.638,63.3,1.11
174844,12,20.318,69.13,1.15
174862,1,13.064,62.28,0.48
174862,2,16.214,60.51,0.88
174862,3,31.118,66.82,1.32
174862,4,44.78,61.26,2.61
174862,5,57.092,62.79,3.41
174862,6,67.82,57.7,4.06
174862,7,73.166,45.56,2.84
174862,8,70.214,49.09,3.18
174862,9,62.096,48.55,2.75
174862,10,46.418,58.68,2.14
174862,11,33.008,63.3,0.99
174862,12,19.184,69.13,1.03
174899,1,10.418,62.88,0.73
174899,2,12.812,58.75,0.94
174899,3,26.042,61.99,1.33
174899,4,38.3,64.16,2.39
174899,5,49.1,64.95,2.94
174899,6,58.964,60.58,3.47
174899,7,67.19,50.76,2.86
174899,8,66.29,51.83,2.89
174899,9,58.172,55.58,2.72
174899,10,43.448,64.04,2.62
174899,11,30.578,69,1.34
174899,12,17.492,70.84,1.35
174914,1,12.992,62.28,0.57
174914,2,16.034,60.51,0.94
174914,3,30.992,66.82,1.41
174914,4,44.708,61.26,2.73
174914,5,57.002,62.79,3.53
174914,6,67.712,57.7,4.33
174914,7,73.058,45.56,3.03
174914,8,70.124,49.09,3.44
174914,9,62.132,48.55,2.98
174914,10,46.544,58.68,2.27
174914,11,33.152,63.3,1.1
174914,12,19.256,69.13,1.2
175078,1,15.512,62.19,0.5
175078,2,18.482,61.52,0.74
175078,3,32.828,67.08,1.18
175078,4,46.112,61.14,2.3
175078,5,58.424,61.57,2.93
175078,6,69.188,56.4,3.63
175078,7,74.804,43.64,2.48
175078,8,71.204,47.74,2.8
175078,9,63.05,47.08,2.62
175078,10,47.12,56.97,1.92
175078,11,34.106,61.38,0.83
175078,12,20.966,66.06,0.87
175272,1,14.738,63.55,0.77
175272,2,17.6,60.87,1.13
175272,3,31.82,62.35,1.63
175272,4,44.744,63.47,3.03
175272,5,56.732,63.4,3.86
175272,6,67.208,58,4.66
175272,7,72.392,47.24,3.13
175272,8,69.782,49.8,3.52
175272,9,61.97,49.57,3.38
175272,10,46.94,60.96,2.31
175272,11,33.908,66.18,1.35
175272,12,20.768,71.13,1.28
175342,1,45.716,56.82,4.18
175342,2,49.82,61.22,4.95
175342,3,57.704,56.92,4.2
175342,4,65.444,51.77,4
175342,5,73.724,49.09,3.68
175342,6,81.212,48.88,3.36
175342,7,83.282,52.44,3.9
175342,8,82.922,48.41,3.5
175342,9,78.224,42.06,3.13
175342,10,67.694,38.44,3.64
175342,11,56.246,44.72,3.53
175342,12,48.614,58.56,4.34
175421,1,44.204,56.42,4.02
175421,2,48.38,61.95,5.17
175421,3,56.3,56.73,4.43
175421,4,63.986,51.74,4.64
175421,5,71.906,49.84,3.7
175421,6,79.43,47.7,3.67
175421,7,81.788,51.38,4.16
175421,8,81.32,47.72,3.73
175421,9,76.694,41.86,3.28
175421,10,66.146,39.52,3.4
175421,11,54.608,45.37,3.37
175421,12,47.192,57.06,4.37
175616,1,42.656,56.99,3.73
175616,2,46.418,62.77,4.79
175616,3,55.184,56.77,4.07
175616,4,63.716,51.49,4.48
175616,5,71.942,51.07,3.97
175616,6,79.79,45.28,3.11
175616,7,82.976,48.83,3.25
175616,8,82.976,45.69,2.91
175616,9,77.396,41.07,3.03
175616,10,65.696,40.05,3.85
175616,11,53.852,45.96,3.36
175616,12,45.734,56.84,4.45
175856,1,44.204,56.42,4.02
175856,2,48.38,61.95,5.17
175856,3,56.3,56.73,4.43
175856,4,63.986,51.74,4.64
175856,5,71.906,49.84,3.7
175856,6,79.43,47.7,3.67
175856,7,81.788,51.38,4.16
175856,8,81.32,47.72,3.73
175856,9,76.694,41.86,3.28
175856,10,66.146,39.52,3.4
175856,11,54.608,45.37,3.37
175856,12,47.192,57.06,4.37
175980,1,44.204,56.42,4.02
175980,2,48.38,61.95,5.17
175980,3,56.3,56.73,4.43
175980,4,63.986,51.74,4.64
175980,5,71.906,49.84,3.7
175980,6,79.43,47.7,3.67
175980,7,81.788,51.38,4.16
175980,8,81.32,47.72,3.73
175980,9,76.694,41.86,3.28
175980,10,66.146,39.52,3.4
175980,11,54.608,45.37,3.37
175980,12,47.192,57.06,4.37
176017,1,39.614,58,3.76
176017,2,43.358,64.19,5.06
176017,3,52.43,59.22,4.29
176017,4,61.448,54.29,4.73
176017,5,69.908,55.56,4.49
176017,6,77.954,49.07,3.81
176017,7,81.482,51.62,3.84
176017,8,81.212,47.76,3.31
176017,9,74.912,42.17,3.34
176017,10,63.032,43.34,3.81
176017,11,51.008,47.62,3.59
176017,12,42.998,60.34,4.76
176044,1,42.656,56.99,3.73
176044,2,46.418,62.77,4.79
176044,3,55.184,56.77,4.07
176044,4,63.716,51.49,4.48
176044,5,71.942,51.07,3.97
176044,6,79.79,45.28,3.11
176044,7,82.976,48.83,3.25
176044,8,82.976,45.69,2.91
176044,9,77.396,41.07,3.03
176044,10,65.696,40.05,3.85
176044,11,53.852,45.96,3.36
176044,12,45.734,56.84,4.45
176053,1,44.366,56.42,4.09
176053,2,48.47,61.95,5.06
176053,3,56.552,56.73,4.29
176053,4,64.436,51.74,4.65
176053,5,72.59,49.84,3.89
176053,6,80.258,47.7,3.47
176053,7,82.706,51.38,3.9
176053,8,82.49,47.72,3.51
176053,9,77.756,41.86,3.14
176053,10,66.848,39.52,3.71
176053,11,55.13,45.37,3.52
176053,12,47.372,57.06,4.43
176080,1,42.098,56.23,3.97
176080,2,46.166,62.48,5.26
176080,3,54.662,58.29,4.25
176080,4,62.996,51.64,4.71
176080,5,71.474,52,3.83
176080,6,79.502,48.18,3.71
176080,7,82.436,51.61,3.86
176080,8,82.004,49.73,3.47
176080,9,76.496,43.42,3.4
176080,10,65.102,42.19,3.4
176080,11,52.952,45.85,3.33
176080,12,45.248,57.91,4.62
176372,1,46.364,56.81,3.85
176372,2,50.828,61.1,4.96
176372,3,57.938,58.33,4.6
176372,4,65.138,53.06,4.19
176372,5,73.076,52.52,3.74
176372,6,79.988,51.42,4.97
176372,7,81.698,56.07,4.8
176372,8,81.014,51.52,4.67
176372,9,76.856,44.09,3.52
176372,10,67.028,41.24,2.98
176372,11,55.958,45.2,3.06
176372,12,49.244,59.54,4.78
176965,1,28.328,59.63,1.18
176965,2,31.586,62.17,1.6
176965,3,43.844,61.42,2.38
176965,4,55.112,58.54,3.66
176965,5,64.904,58.45,4.37
176965,6,74.534,48.85,4.55
176965,7,78.782,44.7,3.61
176965,8,76.91,46.2,3.92
176965,9,68.738,41.88,2.91
176965,10,55.364,48.16,2.94
176965,11,43.502,52.56,1.74
176965,12,32.684,60.64,1.5
177214,1,32.036,58.66,2.13
177214,2,35.492,63.52,2.58
177214,3,45.914,60.39,3.61
177214,4,56.156,57.97,4.52
177214,5,65.192,58.5,4.72
177214,6,74.228,48.91,3.63
177214,7,78.818,45.88,3.44
177214,8,77.846,46.79,3.31
177214,9,70.124,42.52,3.22
177214,10,57.074,48,3.47
177214,11,45.482,51.21,2.88
177214,12,35.42,60.17,2.3
177418,1,30.056,62.24,1.95
177418,2,33.026,64.64,2.21
177418,3,44.384,62.9,3.01
177418,4,55.868,56.9,3.94
177418,5,65.516,59.74,4.14
177418,6,74.642,49.7,3.51
177418,7,78.782,46.7,3.27
177418,8,77.306,46.61,3.1
177418,9,69.854,42.51,2.78
177418,10,56.714,49.74,2.93
177418,11,44.51,54.48,2.73
177418,12,34.376,63.89,2.23
177968,1,28.58,62.24,1.85
177968,2,31.658,64.64,2
177968,3,43.448,62.9,2.67
177968,4,55.238,56.9,3.71
177968,5,65.084,59.74,4.07
177968,6,74.318,49.7,3.71
177968,7,78.422,46.7,3.29
177968,8,76.874,46.61,3.09
177968,9,69.386,42.51,2.74
177968,10,55.922,49.74,2.87
177968,11,43.61,54.48,2.47
177968,12,33.206,63.89,2.14
178059,1,30.056,62.24,1.95
178059,2,33.026,64.64,2.21
178059,3,44.384,62.9,3.01
178059,4,55.868,56.9,3.94
178059,5,65.516,59.74,4.14
178059,6,74.642,49.7,3.51
178059,7,78.782,46.7,3.27
178059,8,77.306,46.61,3.1
178059,9,69.854,42.51,2.78
178059,10,56.714,49.74,2.93
178059,11,44.51,54.48,2.73
178059,12,34.376,63.89,2.23
178341,1,32.612,56.1,1.8
178341,2,36.32,61.75,2.06
178341,3,47.066,59.51,3.16
178341,4,57.074,57.16,4.26
178341,5,65.984,57.23,5.48
178341,6,75.2,48.33,4.2
178341,7,80.33,44.7,3.15
178341,8,79.448,44.85,3.33
178341,9,71.114,41.47,3.23
178341,10,57.992,46.35,3.38
178341,11,46.418,49.96,2.4
178341,12,36.032,57.59,2.03
178396,1,28.166,61.22,1.59
178396,2,31.262,63.25,1.75
178396,3,43.322,62.71,2.57
178396,4,54.77,57.92,3.75
178396,5,64.652,59.35,3.95
178396,6,74.642,49.14,3.82
178396,7,79.214,44.93,3.66
178396,8,77.738,46.92,3.41
178396,9,69.314,43.13,2.97
178396,10,55.49,49.35,3.02
178396,11,43.376,53.17,2.03
178396,12,32.738,61.64,1.73
178411,1,30.578,60.67,1.95
178411,2,33.638,64.29,2.3
178411,3,44.582,61.53,3.22
178411,4,55.67,57.67,4.01
178411,5,65.03,59.38,4.38
178411,6,74.174,49.17,3.51
178411,7,78.71,46.35,3.37
178411,8,77.144,47.78,3.71
178411,9,69.476,42.9,2.94
178411,10,56.462,49.03,2.97
178411,11,44.744,52.98,2.75
178411,12,34.664,62.67,2.13
178420,1,30.128,62.24,2.03
178420,2,33.152,64.64,2.26
178420,3,44.492,62.9,3.01
178420,4,56.03,56.9,4.02
178420,5,65.642,59.74,4.18
178420,6,74.642,49.7,3.56
178420,7,78.35,46.7,3.27
178420,8,77,46.61,2.99
178420,9,69.8,42.51,2.68
178420,10,56.858,49.74,3.03
178420,11,44.456,54.48,2.85
178420,12,34.448,63.89,2.39
178615,1,25.484,65.27,1.18
178615,2,28.4,64.93,1.57
178615,3,41,65.09,2.15
178615,4,52.988,59.57,3.33
178615,5,63.212,61.25,4.23
178615,6,73.076,53.29,4.49
178615,7,77.27,45.7,3.26
178615,8,75.254,46.54,3.59
178615,9,67.298,42.25,2.98
178615,10,53.474,52.08,2.84
178615,11,41.27,56.7,1.74
178615,12,30.218,64.95,1.53
178624,1,24.368,63.62,0.68
178624,2,27.392,64.37,1.01
178624,3,40.298,63.22,1.66
178624,4,52.412,59.24,2.94
178624,5,63.032,60.21,4.3
178624,6,73.256,52.17,4.27
178624,7,77.774,45.53,3.09
178624,8,75.308,47.02,3.73
178624,9,67.136,43.12,2.66
178624,10,52.862,50.51,2.39
178624,11,40.118,55.01,1.3
178624,12,28.382,62.34,1.23
179043,1,28.238,60.35,1.03
179043,2,31.46,62.12,1.49
179043,3,43.79,61.65,2.22
179043,4,55.004,58.7,3.54
179043,5,64.904,58.95,4.56
179043,6,74.588,50.64,4.65
179043,7,79.052,45.21,3.5
179043,8,77.126,45.88,4.13
179043,9,68.648,42,3.03
179043,10,55.274,48.69,2.93
179043,11,43.34,53.42,1.56
179043,12,32.36,59.2,1.4
179159,1,30.128,62.24,2.03
179159,2,33.152,64.64,2.26
179159,3,44.492,62.9,3.01
179159,4,56.03,56.9,4.02
179159,5,65.642,59.74,4.18
179159,6,74.642,49.7,3.56
179159,7,78.35,46.7,3.27
179159,8,77,46.61,2.99
179159,9,69.8,42.51,2.68
179159,10,56.858,49.74,3.03
179159,11,44.456,54.48,2.85
179159,12,34.448,63.89,2.39
179326,1,30.812,58.66,2.02
179326,2,34.268,63.52,2.4
179326,3,45.104,60.39,3.4
179326,4,55.598,57.97,4.38
179326,5,64.814,58.5,4.8
179326,6,74.03,48.91,3.89
179326,7,78.728,45.88,3.51
179326,8,77.558,46.79,3.62
179326,9,69.62,42.52,3.21
179326,10,56.498,48,3.35
179326,11,44.834,51.21,2.73
179326,12,34.592,60.17,2.16
179557,1,32.432,62.35,2.52
179557,2,35.492,65.23,3.07
179557,3,46.292,61.99,3.79
179557,4,57.236,56.83,4.43
179557,5,66.452,59.65,4.2
179557,6,75.074,49.28,3.2
179557,7,78.332,48.72,3.45
179557,8,77.684,47.85,2.71
179557,9,70.97,43.57,2.6
179557,10,58.136,48.46,3.28
179557,11,45.716,52.52,3.38
179557,12,36.266,62.67,3.27
179566,1,32.036,58.66,2.13
179566,2,35.492,63.52,2.58
179566,3,45.914,60.39,3.61
179566,4,56.156,57.97,4.52
179566,5,65.192,58.5,4.72
179566,6,74.228,48.91,3.63
179566,7,78.818,45.88,3.44
179566,8,77.846,46.79,3.31
179566,9,70.124,42.52,3.22
179566,10,57.074,48,3.47
179566,11,45.482,51.21,2.88
179566,12,35.42,60.17,2.3
179867,1,30.128,62.24,2.03
179867,2,33.152,64.64,2.26
179867,3,44.492,62.9,3.01
179867,4,56.03,56.9,4.02
179867,5,65.642,59.74,4.18
179867,6,74.642,49.7,3.56
179867,7,78.35,46.7,3.27
179867,8,77,46.61,2.99
179867,9,69.8,42.51,2.68
179867,10,56.858,49.74,3.03
179867,11,44.456,54.48,2.85
179867,12,34.448,63.89,2.39
179894,1,30.056,62.24,1.95
179894,2,33.026,64.64,2.21
179894,3,44.384,62.9,3.01
179894,4,55.868,56.9,3.94
179894,5,65.516,59.74,4.14
179894,6,74.642,49.7,3.51
179894,7,78.782,46.7,3.27
179894,8,77.306,46.61,3.1
179894,9,69.854,42.51,2.78
179894,10,56.714,49.74,2.93
179894,11,44.51,54.48,2.73
179894,12,34.376,63.89,2.23
179946,1,27.896,62.52,1.73
179946,2,30.884,64.33,1.84
179946,3,42.872,63.15,2.65
179946,4,54.464,57.85,3.65
179946,5,64.418,60.3,3.96
179946,6,74.138,49.51,3.73
179946,7,78.494,45.55,3.52
179946,8,76.892,47.12,3.27
179946,9,68.954,43.93,2.99
179946,10,55.238,50.72,2.97
179946,11,43.178,54.3,2.28
179946,12,32.594,63.09,1.91
179955,1,28.238,60.35,1.03
179955,2,31.46,62.12,1.49
179955,3,43.79,61.65,2.22
179955,4,55.004,58.7,3.54
179955,5,64.904,58.95,4.56
179955,6,74.588,50.64,4.65
179955,7,79.052,45.21,3.5
179955,8,77.126,45.88,4.13
179955,9,68.648,42,3.03
179955,10,55.274,48.69,2.93
179955,11,43.34,53.42,1.56
179955,12,32.36,59.2,1.4
181002,1,22.82,63.31,0.6
181002,2,25.574,64.01,0.82
181002,3,38.57,63.65,1.34
181002,4,50.846,59.92,2.62
181002,5,61.934,61.4,3.89
181002,6,72.734,52.62,3.95
181002,7,77.864,45.79,2.39
181002,8,75.092,47.71,3.39
181002,9,66.614,43.76,2.71
181002,10,51.386,51.02,1.95
181002,11,38.57,54.07,1
181002,12,26.348,61.94,1.09
181394,1,22.82,63.43,0.6
181394,2,25.574,64.24,0.82
181394,3,38.57,62.64,1.34
181394,4,50.846,58.65,2.62
181394,5,61.934,60.33,3.89
181394,6,72.734,51.04,3.95
181394,7,77.864,46.44,2.39
181394,8,75.092,47.5,3.39
181394,9,66.614,42.7,2.71
181394,10,51.386,49.39,1.95
181394,11,38.57,52.05,1
181394,12,26.348,60.87,1.09
181446,1,24.476,60.79,0.56
181446,2,27.158,63.01,0.77
181446,3,39.668,61.25,1.23
181446,4,51.53,57.55,2.41
181446,5,62.492,59.64,4.06
181446,6,73.292,50.14,3.86
181446,7,78.494,45.09,2.34
181446,8,75.614,46.44,3.13
181446,9,67.172,42.81,2.46
181446,10,52.034,47.87,1.9
181446,11,39.434,50.93,0.91
181446,12,27.446,57.95,0.98
181464,1,24.476,60.79,0.56
181464,2,27.158,63.01,0.77
181464,3,39.668,61.25,1.23
181464,4,51.53,57.55,2.41
181464,5,62.492,59.64,4.06
181464,6,73.292,50.14,3.86
181464,7,78.494,45.09,2.34
181464,8,75.614,46.44,3.13
181464,9,67.172,42.81,2.46
181464,10,52.034,47.87,1.9
181464,11,39.434,50.93,0.91
181464,12,27.446,57.95,0.98
182281,1,45.788,47.18,0.59
182281,2,49.496,47.76,0.81
182281,3,57.65,45.09,0.38
182281,4,64.994,39.9,0.27
182281,5,75.29,34.72,0.11
182281,6,86.72,25.49,0.02
182281,7,92.318,38.25,0.49
182281,8,89.942,33.24,0.48
182281,9,82.166,24.11,0.29
182281,10,68.342,31.82,0.41
182281,11,55.112,38.84,0.41
182281,12,44.708,49.94,0.59
182290,1,30.272,59.04,2.4
182290,2,32.09,57.57,2.9
182290,3,37.148,55.17,2.46
182290,4,42.566,49.41,1.46
182290,5,51.728,43.37,0.99
182290,6,61.718,27.03,0.38
182290,7,71.168,22.55,0.23
182290,8,69.314,21.3,0.2
182290,9,61.79,21.8,0.26
182290,10,49.37,33.15,1.1
182290,11,37.76,48.94,1.93
182290,12,29.498,61.78,3.31
182634,1,17.87,65.04,2.17
182634,2,19.67,63.14,2.67
182634,3,28.688,62.41,2.67
182634,4,41.702,63.81,3.19
182634,5,53.852,66.72,3.15
182634,6,62.87,63.84,3.94
182634,7,68.306,57.03,3.52
182634,8,66.704,54.93,3.29
182634,9,59.594,50.75,3.07
182634,10,47.318,62.08,4.02
182634,11,35.474,63.63,3
182634,12,24.494,67.81,3.38
182670,1,17.654,68.79,2.04
182670,2,19.256,66.72,2.43
182670,3,28.256,65.5,2.46
182670,4,41.234,66.18,2.88
182670,5,53.726,68.58,3.07
182670,6,62.474,65.15,3.93
182670,7,67.55,57.46,3.56
182670,8,65.858,56.27,3.19
182670,9,58.946,53.58,3.02
182670,10,46.598,66.26,3.8
182670,11,34.988,68.69,2.71
182670,12,24.224,73.45,3.08
182795,1,20.336,64.68,2.25
182795,2,22.154,63.08,2.77
182795,3,30.722,62.74,2.91
182795,4,43.286,63.3,3.21
182795,5,55.22,65.4,3.02
182795,6,64.184,63.29,3.82
182795,7,69.872,57.55,3.24
182795,8,68.612,54.28,3.16
182795,9,61.592,51.44,3.11
182795,10,49.154,61.25,4
182795,11,37.472,62.39,2.98
182795,12,26.924,67.51,3.41
182980,1,20.336,65.04,2.25
182980,2,22.154,63.14,2.77
182980,3,30.722,62.41,2.91
182980,4,43.286,63.81,3.21
182980,5,55.22,66.72,3.02
182980,6,64.184,63.84,3.82
182980,7,69.872,57.03,3.24
182980,8,68.612,54.93,3.16
182980,9,61.592,50.75,3.11
182980,10,49.154,62.08,4
182980,11,37.472,63.63,2.98
182980,12,26.924,67.81,3.41
183026,1,22.604,65.04,2.37
183026,2,24.494,63.14,2.95
183026,3,32.54,62.41,3.2
183026,4,44.366,63.81,3.4
183026,5,55.598,66.72,3.15
183026,6,64.796,63.84,3.82
183026,7,71.222,57.03,3.13
183026,8,70.358,54.93,3.06
183026,9,63.284,50.75,3
183026,10,50.99,62.08,3.98
183026,11,39.416,63.63,3.14
183026,12,29.264,67.81,3.59
183062,1,19.292,64.68,2.28
183062,2,21.056,63.08,2.65
183062,3,29.678,62.74,2.73
183062,4,42.458,63.3,3.04
183062,5,54.68,65.4,3.05
183062,6,63.464,63.29,3.96
183062,7,68.738,57.55,3.46
183062,8,67.352,54.28,3.36
183062,9,60.512,51.44,3.32
183062,10,48.02,61.25,4.03
183062,11,36.374,62.39,2.89
183062,12,25.754,67.51,3.38
183080,1,15.116,65.04,2.17
183080,2,16.718,63.14,2.55
183080,3,25.7,62.41,2.53
183080,4,39.182,63.81,3.21
183080,5,51.764,66.72,3.38
183080,6,60.854,63.84,4.23
183080,7,66.164,57.03,3.84
183080,8,64.418,54.93,3.45
183080,9,57.416,50.75,3.04
183080,10,44.924,62.08,4.09
183080,11,33.044,63.63,3.03
183080,12,21.83,67.81,3.37
183211,1,25.628,61.75,2.59
183211,2,27.266,61,3.06
183211,3,34.34,60.81,3.55
183211,4,45.338,61.12,3.55
183211,5,56.174,64.3,3.06
183211,6,65.426,61.75,3.77
183211,7,72.374,55.11,3.03
183211,8,71.726,53.19,3.01
183211,9,64.706,51.04,3.06
183211,10,52.646,59.13,3.96
183211,11,41.558,59.71,3.26
183211,12,32.036,63.33,3.73
183239,1,22.604,61.75,2.37
183239,2,24.494,61,2.95
183239,3,32.54,60.81,3.2
183239,4,44.366,61.12,3.4
183239,5,55.598,64.3,3.15
183239,6,64.796,61.75,3.82
183239,7,71.222,55.11,3.13
183239,8,70.358,53.19,3.06
183239,9,63.284,51.04,3
183239,10,50.99,59.13,3.98
183239,11,39.416,59.71,3.14
183239,12,29.264,63.33,3.59
183822,1,26.15,61.79,2.51
183822,2,28.148,59.96,2.74
183822,3,36.194,60.11,3.14
183822,4,48.038,60.66,3.32
183822,5,59.054,63.04,3.24
183822,6,68.378,58.51,4.03
183822,7,74.3,53.65,3.79
183822,8,72.896,53.11,3.83
183822,9,66.038,50.77,3.63
183822,10,53.402,55.41,3.91
183822,11,41.756,56.66,2.98
183822,12,32.054,63.48,3.58
183910,1,26.15,61.79,2.51
183910,2,28.148,59.96,2.74
183910,3,36.194,60.11,3.14
183910,4,48.038,60.66,3.32
183910,5,59.054,63.04,3.24
183910,6,68.378,58.51,4.03
183910,7,74.3,53.65,3.79
183910,8,72.896,53.11,3.83
183910,9,66.038,50.77,3.63
183910,10,53.402,55.41,3.91
183910,11,41.756,56.66,2.98
183910,12,32.054,63.48,3.58
183974,1,25.286,61.79,2.44
183974,2,27.14,59.96,2.63
183974,3,35.384,60.11,2.97
183974,4,47.426,60.66,3.28
183974,5,58.694,63.04,3.34
183974,6,67.604,58.51,4.14
183974,7,73.166,53.65,3.85
183974,8,71.762,53.11,3.9
183974,9,65.048,50.77,3.84
183974,10,52.394,55.41,3.88
183974,11,40.766,56.66,2.84
183974,12,31.028,63.48,3.37
184348,1,26.15,61.79,2.51
184348,2,28.148,59.96,2.74
184348,3,36.194,60.11,3.14
184348,4,48.038,60.66,3.32
184348,5,59.054,63.04,3.24
184348,6,68.378,58.51,4.03
184348,7,74.3,53.65,3.79
184348,8,72.896,53.11,3.83
184348,9,66.038,50.77,3.63
184348,10,53.402,55.41,3.91
184348,11,41.756,56.66,2.98
184348,12,32.054,63.48,3.58
184603,1,28.112,61.79,2.61
184603,2,29.966,59.96,2.88
184603,3,37.238,60.11,3.24
184603,4,48.38,60.66,3.41
184603,5,58.964,63.04,3.15
184603,6,68.666,58.51,3.91
184603,7,75.182,53.65,3.51
184603,8,74.156,53.11,3.69
184603,9,67.46,50.77,3.5
184603,10,55.256,55.41,3.93
184603,11,43.754,56.66,3.02
184603,12,34.25,63.48,3.74
184612,1,26.15,61.79,2.51
184612,2,28.148,59.96,2.74
184612,3,36.194,60.11,3.14
184612,4,48.038,60.66,3.32
184612,5,59.054,63.04,3.24
184612,6,68.378,58.51,4.03
184612,7,74.3,53.65,3.79
184612,8,72.896,53.11,3.83
184612,9,66.038,50.77,3.63
184612,10,53.402,55.41,3.91
184612,11,41.756,56.66,2.98
184612,12,32.054,63.48,3.58
184694,1,26.15,61.79,2.51
184694,2,28.148,59.96,2.74
184694,3,36.194,60.11,3.14
184694,4,48.038,60.66,3.32
184694,5,59.054,63.04,3.24
184694,6,68.378,58.51,4.03
184694,7,74.3,53.65,3.79
184694,8,72.896,53.11,3.83
184694,9,66.038,50.77,3.63
184694,10,53.402,55.41,3.91
184694,11,41.756,56.66,2.98
184694,12,32.054,63.48,3.58
184782,1,32.09,61.72,2.44
184782,2,34.142,60.48,2.79
184782,3,41.342,60.08,3.18
184782,4,52.214,58.35,3.09
184782,5,62.06,60.58,2.91
184782,6,71.312,56.01,3.82
184782,7,76.514,52.97,3.76
184782,8,75.578,52.16,3.84
184782,9,69.44,50.08,3.13
184782,10,57.884,52.7,3.53
184782,11,46.544,54.35,3.03
184782,12,37.562,62.62,3.58
185129,1,29.93,61.79,2.63
185129,2,31.622,59.96,2.83
185129,3,38.804,60.11,3.31
185129,4,49.784,60.66,3.31
185129,5,60.116,63.04,3.17
185129,6,69.8,58.51,3.9
185129,7,75.884,53.65,3.76
185129,8,74.768,53.11,3.67
185129,9,68.252,50.77,3.25
185129,10,56.192,55.41,3.66
185129,11,44.942,56.66,3.03
185129,12,35.762,63.48,3.72
185262,1,29.93,61.79,2.63
185262,2,31.622,59.96,2.83
185262,3,38.804,60.11,3.31
185262,4,49.784,60.66,3.31
185262,5,60.116,63.04,3.17
185262,6,69.8,58.51,3.9
185262,7,75.884,53.65,3.76
185262,8,74.768,53.11,3.67
185262,9,68.252,50.77,3.25
185262,10,56.192,55.41,3.66
185262,11,44.942,56.66,3.03
185262,12,35.762,63.48,3.72
185572,1,33.908,61.79,3.2
185572,2,34.538,59.96,3.37
185572,3,39.506,60.11,3.66
185572,4,48.29,60.66,3.56
185572,5,57.704,63.04,3.25
185572,6,67.766,58.51,3.82
185572,7,74.678,53.65,3.67
185572,8,74.642,53.11,3.67
185572,9,69.08,50.77,3.22
185572,10,58.856,55.41,3.99
185572,11,48.65,56.66,3.37
185572,12,40.1,63.48,4.28
185590,1,26.15,61.79,2.51
185590,2,28.148,59.96,2.74
185590,3,36.194,60.11,3.14
185590,4,48.038,60.66,3.32
185590,5,59.054,63.04,3.24
185590,6,68.378,58.51,4.03
185590,7,74.3,53.65,3.79
185590,8,72.896,53.11,3.83
185590,9,66.038,50.77,3.63
185590,10,53.402,55.41,3.91
185590,11,41.756,56.66,2.98
185590,12,32.054,63.48,3.58
185828,1,29.93,61.79,2.63
185828,2,31.622,59.96,2.83
185828,3,38.804,60.11,3.31
185828,4,49.784,60.66,3.31
185828,5,60.116,63.04,3.17
185828,6,69.8,58.51,3.9
185828,7,75.884,53.65,3.76
185828,8,74.768,53.11,3.67
185828,9,68.252,50.77,3.25
185828,10,56.192,55.41,3.66
185828,11,44.942,56.66,3.03
185828,12,35.762,63.48,3.72
186131,1,29.93,61.79,2.63
186131,2,31.622,59.96,2.83
186131,3,38.804,60.11,3.31
186131,4,49.784,60.66,3.31
186131,5,60.116,63.04,3.17
186131,6,69.8,58.51,3.9
186131,7,75.884,53.65,3.76
186131,8,74.768,53.11,3.67
186131,9,68.252,50.77,3.25
186131,10,56.192,55.41,3.66
186131,11,44.942,56.66,3.03
186131,12,35.762,63.48,3.72
186201,1,26.15,66.44,2.51
186201,2,28.148,64.96,2.74
186201,3,36.194,63.75,3.14
186201,4,48.038,63.47,3.32
186201,5,59.054,64.92,3.24
186201,6,68.378,60.96,4.03
186201,7,74.3,56.24,3.79
186201,8,72.896,55.73,3.83
186201,9,66.038,52.26,3.63
186201,10,53.402,60.58,3.91
186201,11,41.756,61.94,2.98
186201,12,32.054,69.45,3.58
186283,1,28.04,61.79,2.5
186283,2,29.948,59.96,2.7
186283,3,38.012,60.11,3.12
186283,4,49.766,60.66,3.33
186283,5,60.476,63.04,3.28
186283,6,69.656,58.51,4.11
186283,7,75.308,53.65,4.05
186283,8,73.922,53.11,3.89
186283,9,67.136,50.77,3.67
186283,10,54.518,55.41,3.7
186283,11,42.998,56.66,2.91
186283,12,33.602,63.48,3.5
186371,1,30.164,61.72,2.5
186371,2,32.27,60.48,2.75
186371,3,40.028,60.08,3.21
186371,4,51.404,58.35,3.23
186371,5,61.628,60.58,3.1
186371,6,70.862,56.01,4.02
186371,7,76.298,52.97,3.99
186371,8,75.2,52.16,3.89
186371,9,68.666,50.08,3.4
186371,10,56.336,52.7,3.54
186371,11,44.744,54.35,3.01
186371,12,35.618,62.62,3.58
186380,1,29.93,61.79,2.63
186380,2,31.622,59.96,2.83
186380,3,38.804,60.11,3.31
186380,4,49.784,60.66,3.31
186380,5,60.116,63.04,3.17
186380,6,69.8,58.51,3.9
186380,7,75.884,53.65,3.76
186380,8,74.768,53.11,3.67
186380,9,68.252,50.77,3.25
186380,10,56.192,55.41,3.66
186380,11,44.942,56.66,3.03
186380,12,35.762,63.48,3.72
186399,1,29.93,61.79,2.63
186399,2,31.622,59.96,2.83
186399,3,38.804,60.11,3.31
186399,4,49.784,60.66,3.31
186399,5,60.116,63.04,3.17
186399,6,69.8,58.51,3.9
186399,7,75.884,53.65,3.76
186399,8,74.768,53.11,3.67
186399,9,68.252,50.77,3.25
186399,10,56.192,55.41,3.66
186399,11,44.942,56.66,3.03
186399,12,35.762,63.48,3.72
186432,1,29.93,61.79,2.63
186432,2,31.622,59.96,2.83
186432,3,38.804,60.11,3.31
186432,4,49.784,60.66,3.31
186432,5,60.116,63.04,3.17
186432,6,69.8,58.51,3.9
186432,7,75.884,53.65,3.76
186432,8,74.768,53.11,3.67
186432,9,68.252,50.77,3.25
186432,10,56.192,55.41,3.66
186432,11,44.942,56.66,3.03
186432,12,35.762,63.48,3.72
186584,1,29.93,61.79,2.63
186584,2,31.622,59.96,2.83
186584,3,38.804,60.11,3.31
186584,4,49.784,60.66,3.31
186584,5,60.116,63.04,3.17
186584,6,69.8,58.51,3.9
186584,7,75.884,53.65,3.76
186584,8,74.768,53.11,3.67
186584,9,68.252,50.77,3.25
186584,10,56.192,55.41,3.66
186584,11,44.942,56.66,3.03
186584,12,35.762,63.48,3.72
186618,1,26.15,61.79,2.51
186618,2,28.148,59.96,2.74
186618,3,36.194,60.11,3.14
186618,4,48.038,60.66,3.32
186618,5,59.054,63.04,3.24
186618,6,68.378,58.51,4.03
186618,7,74.3,53.65,3.79
186618,8,72.896,53.11,3.83
186618,9,66.038,50.77,3.63
186618,10,53.402,55.41,3.91
186618,11,41.756,56.66,2.98
186618,12,32.054,63.48,3.58
186867,1,33.908,61.79,3.2
186867,2,34.538,59.96,3.37
186867,3,39.506,60.11,3.66
186867,4,48.29,60.66,3.56
186867,5,57.704,63.04,3.25
186867,6,67.766,58.51,3.82
186867,7,74.678,53.65,3.67
186867,8,74.642,53.11,3.67
186867,9,69.08,50.77,3.22
186867,10,58.856,55.41,3.99
186867,11,48.65,56.66,3.37
186867,12,40.1,63.48,4.28
186876,1,35.006,62.45,2.6
186876,2,36.032,60.71,3.02
186876,3,41.486,58.87,3.39
186876,4,50.558,57.08,3.12
186876,5,59.864,59.39,2.87
186876,6,69.566,55.71,3.52
186876,7,75.416,51.91,3.57
186876,8,75.236,51.01,3.51
186876,9,69.872,50.11,3
186876,10,59.864,53.98,3.76
186876,11,49.478,55.87,3.31
186876,12,40.892,62.3,3.84
187134,1,28.04,61.79,2.5
187134,2,29.948,59.96,2.7
187134,3,38.012,60.11,3.12
187134,4,49.766,60.66,3.33
187134,5,60.476,63.04,3.28
187134,6,69.656,58.51,4.11
187134,7,75.308,53.65,4.05
187134,8,73.922,53.11,3.89
187134,9,67.136,50.77,3.67
187134,10,54.518,55.41,3.7
187134,11,42.998,56.66,2.91
187134,12,33.602,63.48,3.5
187444,1,26.15,61.79,2.51
187444,2,28.148,59.96,2.74
187444,3,36.194,60.11,3.14
187444,4,48.038,60.66,3.32
187444,5,59.054,63.04,3.24
187444,6,68.378,58.51,4.03
187444,7,74.3,53.65,3.79
187444,8,72.896,53.11,3.83
187444,9,66.038,50.77,3.63
187444,10,53.402,55.41,3.91
187444,11,41.756,56.66,2.98
187444,12,32.054,63.48,3.58
187648,1,38.786,43.57,0.43
187648,2,42.602,48.96,0.44
187648,3,51.746,43.8,0.79
187648,4,60.404,39.14,0.65
187648,5,69.458,39.3,1.47
187648,6,79.142,36.81,1.74
187648,7,81.122,40.55,1.9
187648,8,79.52,41.99,2.1
187648,9,71.6,34.33,1.98
187648,10,59.792,33.38,1.36
187648,11,47.84,36.26,0.51
187648,12,39.11,47.13,0.41
187985,1,34.898,43.59,0.44
187985,2,39.092,47.88,0.43
187985,3,47.57,43.1,0.34
187985,4,55.562,42.82,0.47
187985,5,65.138,38.84,0.42
187985,6,76.982,33.7,0.39
187985,7,79.196,52.37,1.66
187985,8,76.406,47.49,1.4
187985,9,69.026,35.76,1.12
187985,10,56.606,32.22,0.71
187985,11,44.024,35.62,0.5
187985,12,34.934,46,0.55
188030,1,41.666,40.09,0.46
188030,2,46.202,41.29,0.44
188030,3,54.32,39.38,0.28
188030,4,62.528,34.35,0.26
188030,5,71.582,30.56,0.31
188030,6,82.328,33.32,0.4
188030,7,82.868,51.2,1.64
188030,8,80.672,49.22,1.38
188030,9,74.048,36,1.19
188030,10,63.374,30.06,0.63
188030,11,50.882,33.92,0.42
188030,12,41.684,41.08,0.46
188429,1,33.908,68.89,3.2
188429,2,34.538,63.58,3.37
188429,3,39.506,59.88,3.66
188429,4,48.29,57.94,3.56
188429,5,57.704,59.71,3.25
188429,6,67.766,54.93,3.82
188429,7,74.678,49.91,3.67
188429,8,74.642,48.33,3.67
188429,9,69.08,47.69,3.22
188429,10,58.856,56.21,3.99
188429,11,48.65,61.13,3.37
188429,12,40.1,69.55,4.28
189088,1,22.64,70.81,2.48
189088,2,24.818,68.48,2.73
189088,3,33.206,65.49,2.92
189088,4,45.68,64.41,3.17
189088,5,57.542,66.12,3.23
189088,6,66.488,62.43,4.16
189088,7,72.446,55.94,3.61
189088,8,71.096,54.57,4.04
189088,9,64.058,51.14,3.82
189088,10,51.098,64.1,4.14
189088,11,39.182,66.49,2.95
189088,12,28.976,73.74,3.5
189705,1,25.124,84.55,2.06
189705,2,25.538,81.62,2.02
189705,3,33.062,73.84,2.03
189705,4,43.79,68.53,2.7
189705,5,55.94,65.37,2.75
189705,6,65.966,60.72,2.89
189705,7,72.212,55.94,2.94
189705,8,71.222,55.77,2.56
189705,9,64.58,56.73,2.89
189705,10,51.89,69.91,3.17
189705,11,40.532,75.28,2.51
189705,12,30.938,85.32,2.57
190044,1,17.114,81.16,1.95
190044,2,18.842,76.63,2
190044,3,28.454,68.92,1.95
190044,4,41.63,68.04,2.78
190044,5,54.572,67.53,2.97
190044,6,63.338,65.21,3.76
190044,7,68.486,59.48,3.19
190044,8,67.352,57.12,3
190044,9,60.656,54.91,3.02
190044,10,47.552,70.79,3.74
190044,11,35.69,75.16,2.5
190044,12,24.188,83.07,2.56
190150,1,28.112,68.89,2.61
190150,2,29.966,63.58,2.88
190150,3,37.238,59.88,3.24
190150,4,48.38,57.94,3.41
190150,5,58.964,59.71,3.15
190150,6,68.666,54.93,3.91
190150,7,75.182,49.91,3.51
190150,8,74.156,48.33,3.69
190150,9,67.46,47.69,3.5
190150,10,55.256,56.21,3.93
190150,11,43.754,61.13,3.02
190150,12,34.25,69.55,3.74
190415,1,21.56,79.52,2.04
190415,2,22.892,78.33,2.23
190415,3,31.082,72.4,2.39
190415,4,43.538,67.61,2.88
190415,5,56.138,66.34,2.99
190415,6,65.03,61.93,3.72
190415,7,70.268,57,3.45
190415,8,68.9,57.69,3.45
190415,9,61.952,55.26,3.39
190415,10,49.1,68.56,3.49
190415,11,37.4,72.64,2.48
190415,12,27.482,82,2.64
190512,1,33.908,68.89,3.2
190512,2,34.538,63.58,3.37
190512,3,39.506,59.88,3.66
190512,4,48.29,57.94,3.56
190512,5,57.704,59.71,3.25
190512,6,67.766,54.93,3.82
190512,7,74.678,49.91,3.67
190512,8,74.642,48.33,3.67
190512,9,69.08,47.69,3.22
190512,10,58.856,56.21,3.99
190512,11,48.65,61.13,3.37
190512,12,40.1,69.55,4.28
190567,1,28.112,68.89,2.61
190567,2,29.966,63.58,2.88
190567,3,37.238,59.88,3.24
190567,4,48.38,57.94,3.41
190567,5,58.964,59.71,3.15
190567,6,68.666,54.93,3.91
190567,7,75.182,49.91,3.51
190567,8,74.156,48.33,3.69
190567,9,67.46,47.69,3.5
190567,10,55.256,56.21,3.93
190567,11,43.754,61.13,3.02
190567,12,34.25,69.55,3.74
190600,1,28.112,68.89,2.61
190600,2,29.966,63.58,2.88
190600,3,37.238,59.88,3.24
190600,4,48.38,57.94,3.41
190600,5,58.964,59.71,3.15
190600,6,68.666,54.93,3.91
190600,7,75.182,49.91,3.51
190600,8,74.156,48.33,3.69
190600,9,67.46,47.69,3.5
190600,10,55.256,56.21,3.93
190600,11,43.754,61.13,3.02
190600,12,34.25,69.55,3.74
190637,1,28.112,68.89,2.61
190637,2,29.966,63.58,2.88
190637,3,37.238,59.88,3.24
190637,4,48.38,57.94,3.41
190637,5,58.964,59.71,3.15
190637,6,68.666,54.93,3.91
190637,7,75.182,49.91,3.51
190637,8,74.156,48.33,3.69
190637,9,67.46,47.69,3.5
190637,10,55.256,56.21,3.93
190637,11,43.754,61.13,3.02
190637,12,34.25,69.55,3.74
190664,1,33.908,68.89,3.2
190664,2,34.538,63.58,3.37
190664,3,39.506,59.88,3.66
190664,4,48.29,57.94,3.56
190664,5,57.704,59.71,3.25
190664,6,67.766,54.93,3.82
190664,7,74.678,49.91,3.67
190664,8,74.642,48.33,3.67
190664,9,69.08,47.69,3.22
190664,10,58.856,56.21,3.99
190664,11,48.65,61.13,3.37
190664,12,40.1,69.55,4.28
190716,1,25.124,84.55,2.06
190716,2,25.538,81.62,2.02
190716,3,33.062,73.84,2.03
190716,4,43.79,68.53,2.7
190716,5,55.94,65.37,2.75
190716,6,65.966,60.72,2.89
190716,7,72.212,55.94,2.94
190716,8,71.222,55.77,2.56
190716,9,64.58,56.73,2.89
190716,10,51.89,69.91,3.17
190716,11,40.532,75.28,2.51
190716,12,30.938,85.32,2.57
190761,1,28.112,63.52,2.61
190761,2,29.966,61.98,2.88
190761,3,37.238,61.83,3.24
190761,4,48.38,61.76,3.41
190761,5,58.964,63.72,3.15
190761,6,68.666,59.39,3.91
190761,7,75.182,54.79,3.51
190761,8,74.156,53.69,3.69
190761,9,67.46,49.98,3.5
190761,10,55.256,58.24,3.93
190761,11,43.754,59.35,3.02
190761,12,34.25,65.28,3.74
190983,1,22.676,79.52,1.85
190983,2,24.098,78.33,1.98
190983,3,32.414,72.4,2.22
190983,4,44.6,67.61,2.71
190983,5,56.768,66.34,2.94
190983,6,65.408,61.93,3.45
190983,7,70.61,57,3.4
190983,8,69.404,57.69,3.25
190983,9,62.384,55.26,3.5
190983,10,49.568,68.56,3.21
190983,11,37.958,72.64,2.16
190983,12,28.238,82,2.39
191241,1,28.112,68.89,2.61
191241,2,29.966,63.58,2.88
191241,3,37.238,59.88,3.24
191241,4,48.38,57.94,3.41
191241,5,58.964,59.71,3.15
191241,6,68.666,54.93,3.91
191241,7,75.182,49.91,3.51
191241,8,74.156,48.33,3.69
191241,9,67.46,47.69,3.5
191241,10,55.256,56.21,3.93
191241,11,43.754,61.13,3.02
191241,12,34.25,69.55,3.74
191515,1,20.93,81.11,2.45
191515,2,22.334,79.38,2.63
191515,3,30.578,70.86,2.62
191515,4,43.106,68.18,3.21
191515,5,55.76,66.33,3.23
191515,6,64.274,62.59,3.93
191515,7,69.188,56.79,3.66
191515,8,67.964,56.05,3.55
191515,9,61.358,53.92,3.37
191515,10,48.866,70.6,4.01
191515,11,37.4,75.58,2.94
191515,12,27.266,84.4,3.17
191621,1,25.124,84.55,2.06
191621,2,25.538,81.62,2.02
191621,3,33.062,73.84,2.03
191621,4,43.79,68.53,2.7
191621,5,55.94,65.37,2.75
191621,6,65.966,60.72,2.89
191621,7,72.212,55.94,2.94
191621,8,71.222,55.77,2.56
191621,9,64.58,56.73,2.89
191621,10,51.89,69.91,3.17
191621,11,40.532,75.28,2.51
191621,12,30.938,85.32,2.57
191649,1,33.908,68.89,3.2
191649,2,34.538,63.58,3.37
191649,3,39.506,59.88,3.66
191649,4,48.29,57.94,3.56
191649,5,57.704,59.71,3.25
191649,6,67.766,54.93,3.82
191649,7,74.678,49.91,3.67
191649,8,74.642,48.33,3.67
191649,9,69.08,47.69,3.22
191649,10,58.856,56.21,3.99
191649,11,48.65,61.13,3.37
191649,12,40.1,69.55,4.28
191676,1,21.758,84.55,2.02
191676,2,22.712,81.62,2
191676,3,31.01,73.84,2.09
191676,4,42.872,68.53,2.67
191676,5,55.256,65.37,2.95
191676,6,63.932,60.72,3.25
191676,7,68.972,55.94,3.3
191676,8,68.018,55.77,3.01
191676,9,61.502,56.73,3.08
191676,10,48.524,69.91,3.37
191676,11,37.22,75.28,2.42
191676,12,27.482,85.32,2.59
191931,1,28.112,68.89,2.61
191931,2,29.966,63.58,2.88
191931,3,37.238,59.88,3.24
191931,4,48.38,57.94,3.41
191931,5,58.964,59.71,3.15
191931,6,68.666,54.93,3.91
191931,7,75.182,49.91,3.51
191931,8,74.156,48.33,3.69
191931,9,67.46,47.69,3.5
191931,10,55.256,56.21,3.93
191931,11,43.754,61.13,3.02
191931,12,34.25,69.55,3.74
191968,1,21.56,79.52,2.04
191968,2,22.892,78.33,2.23
191968,3,31.082,72.4,2.39
191968,4,43.538,67.61,2.88
191968,5,56.138,66.34,2.99
191968,6,65.03,61.93,3.72
191968,7,70.268,57,3.45
191968,8,68.9,57.69,3.45
191968,9,61.952,55.26,3.39
191968,10,49.1,68.56,3.49
191968,11,37.4,72.64,2.48
191968,12,27.482,82,2.64
192192,1,22.46,81.04,1.75
192192,2,23.702,77.36,1.92
192192,3,32.018,71.63,2.15
192192,4,44.33,67.85,2.66
192192,5,57.146,65.95,2.81
192192,6,66.218,60.35,3.38
192192,7,71.51,55.26,3.27
192192,8,70.052,55.74,3.2
192192,9,62.888,54.78,3.23
192192,10,49.856,68.26,3.23
192192,11,38.102,73.33,2.18
192192,12,28.112,82.71,2.36
192323,1,22.766,85.94,2.29
192323,2,23.99,82.43,2.46
192323,3,32.234,79.04,2.46
192323,4,44.582,82.07,3.02
192323,5,57.344,84.54,3.07
192323,6,66.488,82.83,3.59
192323,7,72.266,78.28,3.43
192323,8,70.934,74.68,3.27
192323,9,63.806,68.78,3.23
192323,10,50.792,76.52,3.83
192323,11,38.93,78.01,2.78
192323,12,28.688,85.83,3
192448,1,28.112,68.89,2.61
192448,2,29.966,63.58,2.88
192448,3,37.238,59.88,3.24
192448,4,48.38,57.94,3.41
192448,5,58.964,59.71,3.15
192448,6,68.666,54.93,3.91
192448,7,75.182,49.91,3.51
192448,8,74.156,48.33,3.69
192448,9,67.46,47.69,3.5
192448,10,55.256,56.21,3.93
192448,11,43.754,61.13,3.02
192448,12,34.25,69.55,3.74
192703,1,28.112,68.89,2.61
192703,2,29.966,63.58,2.88
192703,3,37.238,59.88,3.24
192703,4,48.38,57.94,3.41
192703,5,58.964,59.71,3.15
192703,6,68.666,54.93,3.91
192703,7,75.182,49.91,3.51
192703,8,74.156,48.33,3.69
192703,9,67.46,47.69,3.5
192703,10,55.256,56.21,3.93
192703,11,43.754,61.13,3.02
192703,12,34.25,69.55,3.74
192749,1,28.112,63.52,2.61
192749,2,29.966,61.98,2.88
192749,3,37.238,61.83,3.24
192749,4,48.38,61.76,3.41
192749,5,58.964,63.72,3.15
192749,6,68.666,59.39,3.91
192749,7,75.182,54.79,3.51
192749,8,74.156,53.69,3.69
192749,9,67.46,49.98,3.5
192749,10,55.256,58.24,3.93
192749,11,43.754,59.35,3.02
192749,12,34.25,65.28,3.74
192819,1,24.962,63.52,2.45
192819,2,27.05,61.98,2.76
192819,3,35.024,61.83,3.03
192819,4,46.994,61.76,3.3
192819,5,58.262,63.72,3.19
192819,6,67.478,59.39,4.05
192819,7,73.706,54.79,3.5
192819,8,72.446,53.69,3.83
192819,9,65.462,49.98,3.7
192819,10,52.808,58.24,3.98
192819,11,41.072,59.35,2.96
192819,12,31.208,65.28,3.55
193016,1,28.112,63.52,2.61
193016,2,29.966,61.98,2.88
193016,3,37.238,61.83,3.24
193016,4,48.38,61.76,3.41
193016,5,58.964,63.72,3.15
193016,6,68.666,59.39,3.91
193016,7,75.182,54.79,3.51
193016,8,74.156,53.69,3.69
193016,9,67.46,49.98,3.5
193016,10,55.256,58.24,3.93
193016,11,43.754,59.35,3.02
193016,12,34.25,65.28,3.74
193292,1,33.908,68.89,3.2
193292,2,34.538,63.58,3.37
193292,3,39.506,59.88,3.66
193292,4,48.29,57.94,3.56
193292,5,57.704,59.71,3.25
193292,6,67.766,54.93,3.82
193292,7,74.678,49.91,3.67
193292,8,74.642,48.33,3.67
193292,9,69.08,47.69,3.22
193292,10,58.856,56.21,3.99
193292,11,48.65,61.13,3.37
193292,12,40.1,69.55,4.28
193353,1,24.962,66.44,2.45
193353,2,27.05,64.96,2.76
193353,3,35.024,63.75,3.03
193353,4,46.994,63.47,3.3
193353,5,58.262,64.92,3.19
193353,6,67.478,60.96,4.05
193353,7,73.706,56.24,3.5
193353,8,72.446,55.73,3.83
193353,9,65.462,52.26,3.7
193353,10,52.808,60.58,3.98
193353,11,41.072,61.94,2.96
193353,12,31.208,69.45,3.55
193399,1,28.112,68.89,2.61
193399,2,29.966,63.58,2.88
193399,3,37.238,59.88,3.24
193399,4,48.38,57.94,3.41
193399,5,58.964,59.71,3.15
193399,6,68.666,54.93,3.91
193399,7,75.182,49.91,3.51
193399,8,74.156,48.33,3.69
193399,9,67.46,47.69,3.5
193399,10,55.256,56.21,3.93
193399,11,43.754,61.13,3.02
193399,12,34.25,69.55,3.74
193900,1,33.908,68.89,3.2
193900,2,34.538,63.58,3.37
193900,3,39.506,59.88,3.66
193900,4,48.29,57.94,3.56
193900,5,57.704,59.71,3.25
193900,6,67.766,54.93,3.82
193900,7,74.678,49.91,3.67
193900,8,74.642,48.33,3.67
193900,9,69.08,47.69,3.22
193900,10,58.856,56.21,3.99
193900,11,48.65,61.13,3.37
193900,12,40.1,69.55,4.28
193973,1,25.124,81.29,2.06
193973,2,25.538,78.5,2.02
193973,3,33.062,73.8,2.03
193973,4,43.79,74.63,2.7
193973,5,55.94,74.18,2.75
193973,6,65.966,67.87,2.89
193973,7,72.212,64.23,2.94
193973,8,71.222,61.79,2.56
193973,9,64.58,60,2.89
193973,10,51.89,73.71,3.17
193973,11,40.532,74.59,2.51
193973,12,30.938,80.69,2.57
194310,1,33.908,61.79,3.2
194310,2,34.538,59.96,3.37
194310,3,39.506,60.11,3.66
194310,4,48.29,60.66,3.56
194310,5,57.704,63.04,3.25
194310,6,67.766,58.51,3.82
194310,7,74.678,53.65,3.67
194310,8,74.642,53.11,3.67
194310,9,69.08,50.77,3.22
194310,10,58.856,55.41,3.99
194310,11,48.65,56.66,3.37
194310,12,40.1,63.48,4.28
194824,1,21.29,70.81,2.36
194824,2,23.144,68.48,2.57
194824,3,31.568,65.49,2.76
194824,4,44.258,64.41,3.02
194824,5,56.516,66.12,3.21
194824,6,65.264,62.43,4.08
194824,7,70.844,55.94,3.72
194824,8,69.53,54.57,3.84
194824,9,62.6,51.14,3.64
194824,10,49.712,64.1,3.99
194824,11,37.958,66.49,2.77
194824,12,27.68,73.74,3.31
195003,1,24.152,83.93,1.88
195003,2,24.98,79.85,1.98
195003,3,32.864,76.96,1.99
195003,4,44.294,84.26,2.59
195003,5,56.696,85.89,2.75
195003,6,66.128,83.26,3.09
195003,7,72.212,80.37,3.16
195003,8,70.97,76.35,2.78
195003,9,64.13,69.33,2.87
195003,10,51.224,75.13,3.24
195003,11,39.686,76.07,2.3
195003,12,29.804,83.56,2.46
195030,1,24.152,83.93,1.88
195030,2,24.98,79.85,1.98
195030,3,32.864,76.96,1.99
195030,4,44.294,84.26,2.59
195030,5,56.696,85.89,2.75
195030,6,66.128,83.26,3.09
195030,7,72.212,80.37,3.16
195030,8,70.97,76.35,2.78
195030,9,64.13,69.33,2.87
195030,10,51.224,75.13,3.24
195030,11,39.686,76.07,2.3
195030,12,29.804,83.56,2.46
195128,1,21.29,70.81,2.36
195128,2,23.144,68.48,2.57
195128,3,31.568,65.49,2.76
195128,4,44.258,64.41,3.02
195128,5,56.516,66.12,3.21
195128,6,65.264,62.43,4.08
195128,7,70.844,55.94,3.72
195128,8,69.53,54.57,3.84
195128,9,62.6,51.14,3.64
195128,10,49.712,64.1,3.99
195128,11,37.958,66.49,2.77
195128,12,27.68,73.74,3.31
195164,1,21.956,84.55,2.21
195164,2,23.054,81.62,2.11
195164,3,31.496,73.84,2.31
195164,4,43.448,68.53,2.8
195164,5,55.4,65.37,3.19
195164,6,63.806,60.72,3.48
195164,7,68.432,55.94,3.49
195164,8,67.586,55.77,3.1
195164,9,61.304,56.73,3.19
195164,10,48.47,69.91,3.42
195164,11,37.184,75.28,2.58
195164,12,27.59,85.32,2.71
195216,1,17.114,79.88,1.95
195216,2,18.842,76.42,2
195216,3,28.454,68.62,1.95
195216,4,41.63,66.48,2.78
195216,5,54.572,64.8,2.97
195216,6,63.338,62.06,3.76
195216,7,68.486,55.61,3.19
195216,8,67.352,55.18,3
195216,9,60.656,53.39,3.02
195216,10,47.552,69.73,3.74
195216,11,35.69,73.25,2.5
195216,12,24.188,82.41,2.56
195243,1,28.112,63.52,2.61
195243,2,29.966,61.98,2.88
195243,3,37.238,61.83,3.24
195243,4,48.38,61.76,3.41
195243,5,58.964,63.72,3.15
195243,6,68.666,59.39,3.91
195243,7,75.182,54.79,3.51
195243,8,74.156,53.69,3.69
195243,9,67.46,49.98,3.5
195243,10,55.256,58.24,3.93
195243,11,43.754,59.35,3.02
195243,12,34.25,65.28,3.74
195474,1,21.29,70.81,2.36
195474,2,23.144,68.48,2.57
195474,3,31.568,65.49,2.76
195474,4,44.258,64.41,3.02
195474,5,56.516,66.12,3.21
195474,6,65.264,62.43,4.08
195474,7,70.844,55.94,3.72
195474,8,69.53,54.57,3.84
195474,9,62.6,51.14,3.64
195474,10,49.712,64.1,3.99
195474,11,37.958,66.49,2.77
195474,12,27.68,73.74,3.31
195526,1,20.642,71.42,2.22
195526,2,22.73,69.33,2.41
195526,3,31.856,66.03,2.57
195526,4,44.618,66.44,2.93
195526,5,57.146,67.22,3.2
195526,6,65.714,63.57,3.99
195526,7,70.61,57.45,3.7
195526,8,69.206,55.2,3.56
195526,9,62.42,51.85,3.29
195526,10,49.64,66.85,3.75
195526,11,37.904,68.66,2.68
195526,12,27.158,75.56,3.15
195544,1,33.908,68.89,3.2
195544,2,34.538,63.58,3.37
195544,3,39.506,59.88,3.66
195544,4,48.29,57.94,3.56
195544,5,57.704,59.71,3.25
195544,6,67.766,54.93,3.82
195544,7,74.678,49.91,3.67
195544,8,74.642,48.33,3.67
195544,9,69.08,47.69,3.22
195544,10,58.856,56.21,3.99
195544,11,48.65,61.13,3.37
195544,12,40.1,69.55,4.28
195720,1,24.152,83.93,1.88
195720,2,24.98,79.85,1.98
195720,3,32.864,76.96,1.99
195720,4,44.294,84.26,2.59
195720,5,56.696,85.89,2.75
195720,6,66.128,83.26,3.09
195720,7,72.212,80.37,3.16
195720,8,70.97,76.35,2.78
195720,9,64.13,69.33,2.87
195720,10,51.224,75.13,3.24
195720,11,39.686,76.07,2.3
195720,12,29.804,83.56,2.46
195809,1,33.908,68.89,3.2
195809,2,34.538,63.58,3.37
195809,3,39.506,59.88,3.66
195809,4,48.29,57.94,3.56
195809,5,57.704,59.71,3.25
195809,6,67.766,54.93,3.82
195809,7,74.678,49.91,3.67
195809,8,74.642,48.33,3.67
195809,9,69.08,47.69,3.22
195809,10,58.856,56.21,3.99
195809,11,48.65,61.13,3.37
195809,12,40.1,69.55,4.28
196006,1,22.172,81.04,1.64
196006,2,23.288,77.36,1.73
196006,3,31.478,71.63,1.96
196006,4,43.412,67.85,2.5
196006,5,55.994,65.95,2.75
196006,6,64.814,60.35,3.17
196006,7,70.016,55.26,3.18
196006,8,68.792,55.74,3.03
196006,9,61.988,54.78,3.01
196006,10,48.992,68.26,3.06
196006,11,37.58,73.33,2.05
196006,12,27.806,82.71,2.23
196015,1,17.114,79.88,1.95
196015,2,18.842,76.42,2
196015,3,28.454,68.62,1.95
196015,4,41.63,66.48,2.78
196015,5,54.572,64.8,2.97
196015,6,63.338,62.06,3.76
196015,7,68.486,55.61,3.19
196015,8,67.352,55.18,3
196015,9,60.656,53.39,3.02
196015,10,47.552,69.73,3.74
196015,11,35.69,73.25,2.5
196015,12,24.188,82.41,2.56
196033,1,20.3,74.32,2.34
196033,2,22.028,71.85,2.51
196033,3,30.074,67.59,2.74
196033,4,42.746,66.14,3.09
196033,5,55.112,66.03,3.29
196033,6,63.716,62.93,4.1
196033,7,68.72,56.22,3.75
196033,8,67.442,56.25,3.93
196033,9,60.836,53.34,3.65
196033,10,48.236,66.12,3.94
196033,11,36.734,70.37,2.73
196033,12,26.618,77.56,3.19
196042,1,31.784,68.89,2.62
196042,2,32.36,63.58,3
196042,3,37.796,59.88,3.39
196042,4,47.336,57.94,3.53
196042,5,57.218,59.71,3.02
196042,6,67.1,54.93,3.67
196042,7,74.246,49.91,3.07
196042,8,74.084,48.33,3.33
196042,9,68.378,47.69,3.31
196042,10,57.866,56.21,3.86
196042,11,47.372,61.13,3.01
196042,12,38.21,69.55,3.8
196060,1,21.29,70.81,2.36
196060,2,23.144,68.48,2.57
196060,3,31.568,65.49,2.76
196060,4,44.258,64.41,3.02
196060,5,56.516,66.12,3.21
196060,6,65.264,62.43,4.08
196060,7,70.844,55.94,3.72
196060,8,69.53,54.57,3.84
196060,9,62.6,51.14,3.64
196060,10,49.712,64.1,3.99
196060,11,37.958,66.49,2.77
196060,12,27.68,73.74,3.31
196079,1,22.496,80.37,2.01
196079,2,23.918,76.74,2.16
196079,3,32.27,70.93,2.37
196079,4,44.6,68.06,2.88
196079,5,56.786,66.7,3.04
196079,6,65.408,62.8,3.74
196079,7,70.682,56.38,3.43
196079,8,69.332,57.58,3.49
196079,9,62.438,55.89,3.6
196079,10,49.676,69.13,3.32
196079,11,37.958,73.55,2.35
196079,12,28.256,82.02,2.53
196097,1,31.784,68.89,2.62
196097,2,32.36,63.58,3
196097,3,37.796,59.88,3.39
196097,4,47.336,57.94,3.53
196097,5,57.218,59.71,3.02
196097,6,67.1,54.93,3.67
196097,7,74.246,49.91,3.07
196097,8,74.084,48.33,3.33
196097,9,68.378,47.69,3.31
196097,10,57.866,56.21,3.86
196097,11,47.372,61.13,3.01
196097,12,38.21,69.55,3.8
196112,1,19.292,81.11,2.42
196112,2,20.894,79.38,2.61
196112,3,29.228,70.86,2.7
196112,4,41.954,68.18,3.23
196112,5,54.608,66.33,3.39
196112,6,63.104,62.59,4.15
196112,7,67.604,56.79,3.74
196112,8,66.146,56.05,3.66
196112,9,59.648,53.92,3.37
196112,10,47.372,70.6,4.1
196112,11,36.014,75.58,2.88
196112,12,25.754,84.4,3.22
196121,1,23.594,83.93,1.93
196121,2,24.368,79.85,1.98
196121,3,32.648,76.96,2
196121,4,44.24,84.26,2.65
196121,5,56.93,85.89,2.75
196121,6,66.272,83.26,3.03
196121,7,72.068,80.37,3.05
196121,8,70.682,76.35,2.72
196121,9,63.842,69.33,2.89
196121,10,50.81,75.13,3.18
196121,11,39.236,76.07,2.38
196121,12,29.264,83.56,2.48
196149,1,21.56,79.52,2.04
196149,2,22.892,78.33,2.23
196149,3,31.082,72.4,2.39
196149,4,43.538,67.61,2.88
196149,5,56.138,66.34,2.99
196149,6,65.03,61.93,3.72
196149,7,70.268,57,3.45
196149,8,68.9,57.69,3.45
196149,9,61.952,55.26,3.39
196149,10,49.1,68.56,3.49
196149,11,37.4,72.64,2.48
196149,12,27.482,82,2.64
196158,1,26.654,85.6,2.16
196158,2,26.366,84.06,1.97
196158,3,32.684,79.78,2.11
196158,4,42.584,78.82,2.6
196158,5,54.212,80.05,2.93
196158,6,64.544,75.27,3.02
196158,7,70.898,70.41,3.14
196158,8,70.664,66.52,2.69
196158,9,64.724,64.08,3.1
196158,10,53.024,72.75,3.36
196158,11,42.35,76.08,2.61
196158,12,33.116,85.94,2.66
196176,1,23.774,66.44,2.41
196176,2,25.844,64.96,2.68
196176,3,33.998,63.75,2.97
196176,4,46.184,63.47,3.22
196176,5,57.74,64.92,3.27
196176,6,66.758,60.96,4.16
196176,7,72.518,56.24,3.66
196176,8,71.168,55.73,4
196176,9,64.346,52.26,3.78
196176,10,51.602,60.58,3.98
196176,11,39.776,61.94,2.9
196176,12,29.894,69.45,3.43
196185,1,20.102,80.37,2.26
196185,2,21.704,76.74,2.42
196185,3,29.642,70.93,2.62
196185,4,42.242,68.06,3.07
196185,5,54.608,66.7,3.18
196185,6,63.086,62.8,4.06
196185,7,67.838,56.38,3.69
196185,8,66.614,57.58,3.84
196185,9,60.188,55.89,3.58
196185,10,47.732,69.13,3.71
196185,11,36.356,73.55,2.67
196185,12,26.42,82.02,2.92
196194,1,25.124,85.94,2.49
196194,2,25.43,82.43,2.56
196194,3,32.288,79.04,2.34
196194,4,42.746,82.07,2.95
196194,5,54.014,84.54,2.96
196194,6,63.824,82.83,3.26
196194,7,70.97,78.28,3.04
196194,8,70.772,74.68,2.94
196194,9,64.202,68.78,2.99
196194,10,52.052,76.52,3.99
196194,11,41,78.01,2.93
196194,12,31.298,85.83,3.2
196219,1,28.112,63.52,2.61
196219,2,29.966,61.98,2.88
196219,3,37.238,61.83,3.24
196219,4,48.38,61.76,3.41
196219,5,58.964,63.72,3.15
196219,6,68.666,59.39,3.91
196219,7,75.182,54.79,3.51
196219,8,74.156,53.69,3.69
196219,9,67.46,49.98,3.5
196219,10,55.256,58.24,3.93
196219,11,43.754,59.35,3.02
196219,12,34.25,65.28,3.74
196237,1,28.112,68.89,2.61
196237,2,29.966,63.58,2.88
196237,3,37.238,59.88,3.24
196237,4,48.38,57.94,3.41
196237,5,58.964,59.71,3.15
196237,6,68.666,54.93,3.91
196237,7,75.182,49.91,3.51
196237,8,74.156,48.33,3.69
196237,9,67.46,47.69,3.5
196237,10,55.256,56.21,3.93
196237,11,43.754,61.13,3.02
196237,12,34.25,69.55,3.74
196246,1,15.368,76.61,1.75
196246,2,17.474,76.65,1.95
196246,3,27.14,70.02,2.07
196246,4,40.658,68.46,2.86
196246,5,54.14,69.43,3.23
196246,6,63.176,66.16,4.18
196246,7,68.414,60.82,3.41
196246,8,66.848,58.48,3.2
196246,9,59.918,55.73,2.87
196246,10,46.508,70.25,3.58
196246,11,34.142,73.74,2.41
196246,12,22.226,80.19,2.55
196291,1,28.112,68.89,2.61
196291,2,29.966,63.58,2.88
196291,3,37.238,59.88,3.24
196291,4,48.38,57.94,3.41
196291,5,58.964,59.71,3.15
196291,6,68.666,54.93,3.91
196291,7,75.182,49.91,3.51
196291,8,74.156,48.33,3.69
196291,9,67.46,47.69,3.5
196291,10,55.256,56.21,3.93
196291,11,43.754,61.13,3.02
196291,12,34.25,69.55,3.74
197027,1,28.112,68.89,2.61
197027,2,29.966,63.58,2.88
197027,3,37.238,59.88,3.24
197027,4,48.38,57.94,3.41
197027,5,58.964,59.71,3.15
197027,6,68.666,54.93,3.91
197027,7,75.182,49.91,3.51
197027,8,74.156,48.33,3.69
197027,9,67.46,47.69,3.5
197027,10,55.256,56.21,3.93
197027,11,43.754,61.13,3.02
197027,12,34.25,69.55,3.74
197036,1,24.962,63.52,2.45
197036,2,27.05,61.98,2.76
197036,3,35.024,61.83,3.03
197036,4,46.994,61.76,3.3
197036,5,58.262,63.72,3.19
197036,6,67.478,59.39,4.05
197036,7,73.706,54.79,3.5
197036,8,72.446,53.69,3.83
197036,9,65.462,49.98,3.7
197036,10,52.808,58.24,3.98
197036,11,41.072,59.35,2.96
197036,12,31.208,65.28,3.55
197045,1,19.292,81.11,2.42
197045,2,20.894,79.38,2.61
197045,3,29.228,70.86,2.7
197045,4,41.954,68.18,3.23
197045,5,54.608,66.33,3.39
197045,6,63.104,62.59,4.15
197045,7,67.604,56.79,3.74
197045,8,66.146,56.05,3.66
197045,9,59.648,53.92,3.37
197045,10,47.372,70.6,4.1
197045,11,36.014,75.58,2.88
197045,12,25.754,84.4,3.22
197133,1,24.962,63.52,2.45
197133,2,27.05,61.98,2.76
197133,3,35.024,61.83,3.03
197133,4,46.994,61.76,3.3
197133,5,58.262,63.72,3.19
197133,6,67.478,59.39,4.05
197133,7,73.706,54.79,3.5
197133,8,72.446,53.69,3.83
197133,9,65.462,49.98,3.7
197133,10,52.808,58.24,3.98
197133,11,41.072,59.35,2.96
197133,12,31.208,65.28,3.55
197197,1,29.93,61.79,2.63
197197,2,31.622,59.96,2.83
197197,3,38.804,60.11,3.31
197197,4,49.784,60.66,3.31
197197,5,60.116,63.04,3.17
197197,6,69.8,58.51,3.9
197197,7,75.884,53.65,3.76
197197,8,74.768,53.11,3.67
197197,9,68.252,50.77,3.25
197197,10,56.192,55.41,3.66
197197,11,44.942,56.66,3.03
197197,12,35.762,63.48,3.72
197708,1,28.112,68.89,2.61
197708,2,29.966,63.58,2.88
197708,3,37.238,59.88,3.24
197708,4,48.38,57.94,3.41
197708,5,58.964,59.71,3.15
197708,6,68.666,54.93,3.91
197708,7,75.182,49.91,3.51
197708,8,74.156,48.33,3.69
197708,9,67.46,47.69,3.5
197708,10,55.256,56.21,3.93
197708,11,43.754,61.13,3.02
197708,12,34.25,69.55,3.74
197869,1,33.008,62.95,2.78
197869,2,36.014,65.95,2.96
197869,3,43.88,62.85,3.1
197869,4,53.582,58.77,3.66
197869,5,62.06,63.34,3.79
197869,6,69.764,60.3,3.8
197869,7,72.806,61.93,4.15
197869,8,72.05,57.46,3.88
197869,9,65.768,53.31,3.78
197869,10,54.824,51.47,3.12
197869,11,44.024,51.64,3.13
197869,12,36.806,64.32,3.45
197911,1,39.884,53.07,2.31
197911,2,43.088,56.03,2.83
197911,3,50.45,54.39,3.06
197911,4,60.332,50.58,2.94
197911,5,69.116,53.8,3.34
197911,6,77.252,55.87,4.02
197911,7,80.546,54.89,4.42
197911,8,79.016,54.51,4.64
197911,9,72.95,52.99,4.59
197911,10,62.438,46.15,2.68
197911,11,51.332,46.22,2.93
197911,12,44.06,54.03,3.06
197984,1,37.868,53.39,2.44
197984,2,41.342,57.7,2.66
197984,3,49.082,56.91,2.93
197984,4,58.874,53.45,3.05
197984,5,67.838,57.18,3.33
197984,6,76.118,56.13,3.53
197984,7,79.502,59.99,3.65
197984,8,78.386,56.09,3.58
197984,9,71.888,51.32,3.24
197984,10,60.368,46.07,2.69
197984,11,48.866,46.02,2.87
197984,12,41.522,56.63,3.18
198066,1,37.814,56.31,3.36
198066,2,41.072,60.01,3.63
198066,3,48.776,59.24,3.55
198066,4,57.794,55.14,3.55
198066,5,66.218,57.54,3.72
198066,6,74.138,57.9,3.87
198066,7,77.36,59.95,4.11
198066,8,76.532,56.79,3.81
198066,9,70.322,51.39,3.78
198066,10,59.432,46.64,3.17
198066,11,48.47,47.55,3.48
198066,12,41.36,59.16,4.3
198136,1,39.434,52.47,2.29
198136,2,42.71,55.99,2.78
198136,3,50.27,54.27,2.99
198136,4,60.224,50.8,2.99
198136,5,68.882,54.69,3.27
198136,6,77.144,56.06,3.89
198136,7,80.456,55.92,4.28
198136,8,78.962,54.29,4.46
198136,9,72.662,50.73,4.35
198136,10,61.862,45.49,2.66
198136,11,50.648,44.99,2.95
198136,12,43.484,54.08,3.04
198215,1,38.426,52.94,2.55
198215,2,41.846,57.24,2.75
198215,3,49.55,55.61,3.01
198215,4,59.396,52.34,3.17
198215,5,68.27,55.28,3.43
198215,6,76.55,54.03,3.63
198215,7,79.952,57.85,3.73
198215,8,78.8,54.92,3.72
198215,9,72.266,49.74,3.43
198215,10,60.872,45.6,2.8
198215,11,49.334,45.37,2.97
198215,12,42.134,55.79,3.34
198303,1,38.462,55.03,2.26
198303,2,41.522,56.94,2.57
198303,3,48.596,56.41,2.84
198303,4,58.856,52.69,2.87
198303,5,67.838,57.22,3.1
198303,6,76.694,55.58,3.96
198303,7,80.402,55.47,4.18
198303,8,78.926,55.36,4.36
198303,9,72.86,52.98,4.44
198303,10,62.006,48,3.03
198303,11,50.738,47.32,2.71
198303,12,43.088,55.51,2.87
198385,1,38.426,52.94,2.55
198385,2,41.846,57.24,2.75
198385,3,49.55,55.61,3.01
198385,4,59.396,52.34,3.17
198385,5,68.27,55.28,3.43
198385,6,76.55,54.03,3.63
198385,7,79.952,57.85,3.73
198385,8,78.8,54.92,3.72
198385,9,72.266,49.74,3.43
198385,10,60.872,45.6,2.8
198385,11,49.334,45.37,2.97
198385,12,42.134,55.79,3.34
198419,1,38.156,53.82,2.33
198419,2,41.432,56.76,2.63
198419,3,49.154,56.4,3.11
198419,4,59.378,52.74,3.02
198419,5,68.054,57.57,3.18
198419,6,76.442,54.69,3.92
198419,7,80.06,56.87,3.93
198419,8,78.494,55.41,4.09
198419,9,71.942,51.41,3.97
198419,10,60.728,47.79,2.8
198419,11,49.442,46.33,2.93
198419,12,42.188,56.49,3.04
198464,1,40.37,53.07,2.42
198464,2,43.52,56.03,2.92
198464,3,50.612,54.39,3.02
198464,4,60.35,50.58,3
198464,5,69.08,53.8,3.48
198464,6,77.216,55.87,4.03
198464,7,80.348,54.89,4.64
198464,8,78.962,54.51,4.93
198464,9,73.166,52.99,4.93
198464,10,62.888,46.15,2.85
198464,11,51.944,46.22,2.9
198464,12,44.78,54.03,3.18
198516,1,37.508,54.95,2.33
198516,2,40.82,58.04,2.59
198516,3,48.596,57.35,3.03
198516,4,58.766,54,3.04
198516,5,67.46,60.44,3.21
198516,6,75.848,56.66,3.79
198516,7,79.556,60.42,3.69
198516,8,78.206,56.1,3.71
198516,9,71.636,51.96,3.71
198516,10,60.116,48.22,2.78
198516,11,48.686,46.88,3.02
198516,12,41.414,58.11,3
198561,1,39.236,53.39,2.93
198561,2,42.71,57.7,3.16
198561,3,50.432,56.91,3.34
198561,4,59.756,53.45,3.25
198561,5,68.522,57.18,3.44
198561,6,76.658,56.13,3.66
198561,7,80.024,59.99,3.73
198561,8,79.07,56.09,3.6
198561,9,72.626,51.32,3.43
198561,10,61.394,46.07,2.84
198561,11,50.054,46.02,3.15
198561,12,42.782,56.63,3.85
198598,1,37.022,54.95,2.4
198598,2,40.334,58.04,2.64
198598,3,48.182,57.35,2.91
198598,4,58.298,54,3.09
198598,5,67.1,60.44,3.33
198598,6,75.506,56.66,3.63
198598,7,79.178,60.42,3.71
198598,8,77.954,56.1,3.61
198598,9,71.492,51.96,3.55
198598,10,59.792,48.22,2.84
198598,11,48.2,46.88,2.94
198598,12,40.802,58.11,3
198613,1,37.022,54.95,2.4
198613,2,40.334,58.04,2.64
198613,3,48.182,57.35,2.91
198613,4,58.298,54,3.09
198613,5,67.1,60.44,3.33
198613,6,75.506,56.66,3.63
198613,7,79.178,60.42,3.71
198613,8,77.954,56.1,3.61
198613,9,71.492,51.96,3.55
198613,10,59.792,48.22,2.84
198613,11,48.2,46.88,2.94
198613,12,40.802,58.11,3
198695,1,37.022,53.36,2.4
198695,2,40.334,56.3,2.64
198695,3,48.182,55.19,2.91
198695,4,58.298,51.67,3.09
198695,5,67.1,55.47,3.33
198695,6,75.506,55.62,3.63
198695,7,79.178,57.56,3.71
198695,8,77.954,55.12,3.61
198695,9,71.492,50.82,3.55
198695,10,59.792,46.09,2.84
198695,11,48.2,45.75,2.94
198695,12,40.802,55.89,3
198835,1,37.868,53.39,2.44
198835,2,41.342,57.7,2.66
198835,3,49.082,56.91,2.93
198835,4,58.874,53.45,3.05
198835,5,67.838,57.18,3.33
198835,6,76.118,56.13,3.53
198835,7,79.502,59.99,3.65
198835,8,78.386,56.09,3.58
198835,9,71.888,51.32,3.24
198835,10,60.368,46.07,2.69
198835,11,48.866,46.02,2.87
198835,12,41.522,56.63,3.18
198899,1,33.242,56.31,2.89
198899,2,36.392,60.01,3.29
198899,3,44.312,59.24,3.16
198899,4,53.852,55.14,3.67
198899,5,62.132,57.54,3.61
198899,6,69.584,57.9,3.67
198899,7,72.572,59.95,4.28
198899,8,72.122,56.79,3.5
198899,9,66.236,51.39,3.43
198899,10,55.364,46.64,2.8
198899,11,44.384,47.55,3.02
198899,12,37.112,59.16,3.45
198969,1,41.018,52.47,2.17
198969,2,44.276,55.99,2.92
198969,3,51.62,54.27,2.8
198969,4,61.43,50.8,2.85
198969,5,70.358,54.69,3.32
198969,6,78.242,56.06,4.24
198969,7,81.104,55.92,4.38
198969,8,79.592,54.29,4.72
198969,9,73.706,50.73,4.52
198969,10,63.302,45.49,2.64
198969,11,52.16,44.99,2.94
198969,12,45.032,54.08,3.1
199069,1,41.126,52.47,2.31
199069,2,44.366,55.99,3.05
199069,3,51.44,54.27,2.91
199069,4,60.962,50.8,2.88
199069,5,69.746,54.69,3.58
199069,6,77.522,56.06,4.36
199069,7,80.456,55.92,4.66
199069,8,79.052,54.29,5.14
199069,9,73.292,50.73,4.85
199069,10,63.266,45.49,2.66
199069,11,52.322,44.99,2.99
199069,12,45.32,54.08,3.44
199102,1,37.022,54.95,2.4
199102,2,40.334,58.04,2.64
199102,3,48.182,57.35,2.91
199102,4,58.298,54,3.09
199102,5,67.1,60.44,3.33
199102,6,75.506,56.66,3.63
199102,7,79.178,60.42,3.71
199102,8,77.954,56.1,3.61
199102,9,71.492,51.96,3.55
199102,10,59.792,48.22,2.84
199102,11,48.2,46.88,2.94
199102,12,40.802,58.11,3
199111,1,34.43,56.31,3.19
199111,2,37.526,60.01,3.47
199111,3,45.266,59.24,3.4
199111,4,54.518,55.14,3.76
199111,5,62.726,57.54,3.86
199111,6,70.304,57.9,3.9
199111,7,73.418,59.95,4.36
199111,8,72.77,56.79,3.85
199111,9,66.632,51.39,3.9
199111,10,55.886,46.64,3.16
199111,11,45.14,47.55,3.41
199111,12,38.12,59.16,4.01
199120,1,38.156,53.36,2.33
199120,2,41.432,56.3,2.63
199120,3,49.154,55.19,3.11
199120,4,59.378,51.67,3.02
199120,5,68.054,55.47,3.18
199120,6,76.442,55.62,3.92
199120,7,80.06,57.56,3.93
199120,8,78.494,55.12,4.09
199120,9,71.942,50.82,3.97
199120,10,60.728,46.09,2.8
199120,11,49.442,45.75,2.93
199120,12,42.188,55.89,3.04
199139,1,38.426,52.94,2.55
199139,2,41.846,57.24,2.75
199139,3,49.55,55.61,3.01
199139,4,59.396,52.34,3.17
199139,5,68.27,55.28,3.43
199139,6,76.55,54.03,3.63
199139,7,79.952,57.85,3.73
199139,8,78.8,54.92,3.72
199139,9,72.266,49.74,3.43
199139,10,60.872,45.6,2.8
199139,11,49.334,45.37,2.97
199139,12,42.134,55.79,3.34
199148,1,37.022,54.95,2.4
199148,2,40.334,58.04,2.64
199148,3,48.182,57.35,2.91
199148,4,58.298,54,3.09
199148,5,67.1,60.44,3.33
199148,6,75.506,56.66,3.63
199148,7,79.178,60.42,3.71
199148,8,77.954,56.1,3.61
199148,9,71.492,51.96,3.55
199148,10,59.792,48.22,2.84
199148,11,48.2,46.88,2.94
199148,12,40.802,58.11,3
199193,1,38.156,52.47,2.33
199193,2,41.432,55.99,2.63
199193,3,49.154,54.27,3.11
199193,4,59.378,50.8,3.02
199193,5,68.054,54.69,3.18
199193,6,76.442,56.06,3.92
199193,7,80.06,55.92,3.93
199193,8,78.494,54.29,4.09
199193,9,71.942,50.73,3.97
199193,10,60.728,45.49,2.8
199193,11,49.442,44.99,2.93
199193,12,42.188,54.08,3.04
199209,1,38.948,55.03,2.38
199209,2,42.134,56.94,2.75
199209,3,49.424,56.41,3.08
199209,4,59.576,52.69,2.99
199209,5,68.378,57.22,3.23
199209,6,76.91,55.58,3.96
199209,7,80.456,55.47,4.26
199209,8,78.998,55.36,4.5
199209,9,72.878,52.98,4.54
199209,10,62.06,48,2.85
199209,11,50.792,47.32,2.8
199209,12,43.34,55.51,3
199218,1,48.002,69.12,2.21
199218,2,50.414,67.81,3.12
199218,3,55.922,61.88,2.99
199218,4,63.68,53.19,2.67
199218,5,71.582,53.65,3.49
199218,6,78.638,56.79,4.3
199218,7,81.176,55.36,4.94
199218,8,80.42,57.07,5.7
199218,9,76.064,58.43,5.92
199218,10,67.604,54.55,3.59
199218,11,58.028,59.23,3.09
199218,12,52.124,69.47,3.09
199272,1,38.156,52.47,2.33
199272,2,41.432,55.99,2.63
199272,3,49.154,54.27,3.11
199272,4,59.378,50.8,3.02
199272,5,68.054,54.69,3.18
199272,6,76.442,56.06,3.92
199272,7,80.06,55.92,3.93
199272,8,78.494,54.29,4.09
199272,9,71.942,50.73,3.97
199272,10,60.728,45.49,2.8
199272,11,49.442,44.99,2.93
199272,12,42.188,54.08,3.04
199281,1,42.404,52.07,2.07
199281,2,45.734,55.92,2.93
199281,3,53.114,53.2,2.7
199281,4,62.618,48.99,2.67
199281,5,71.492,52.49,3.34
199281,6,79.034,54.4,4.2
199281,7,81.662,54.82,4.29
199281,8,80.312,54.13,4.53
199281,9,74.624,50.56,4.34
199281,10,64.31,44.71,2.86
199281,11,53.204,43.79,2.84
199281,12,46.31,53.03,3.13
199306,1,38.84,52.94,2.34
199306,2,42.206,57.24,2.67
199306,3,49.892,55.61,2.84
199306,4,59.936,52.34,2.88
199306,5,68.792,55.28,3.21
199306,6,77.036,54.03,3.6
199306,7,80.258,57.85,3.74
199306,8,78.962,54.92,3.69
199306,9,72.554,49.74,3.54
199306,10,61.178,45.6,2.66
199306,11,49.73,45.37,2.88
199306,12,42.62,55.79,3.09
199412,1,39.974,52.94,2.58
199412,2,43.394,57.24,2.86
199412,3,51.026,55.61,3.06
199412,4,60.728,52.34,2.96
199412,5,69.512,55.28,3.3
199412,6,77.576,54.03,3.58
199412,7,80.69,57.85,3.6
199412,8,79.502,54.92,3.53
199412,9,73.112,49.74,3.25
199412,10,61.97,45.6,2.57
199412,11,50.612,45.37,2.86
199412,12,43.628,55.79,3.45
199847,1,37.022,56.36,2.4
199847,2,40.334,60.62,2.64
199847,3,48.182,59.06,2.91
199847,4,58.298,55.47,3.09
199847,5,67.1,61.15,3.33
199847,6,75.506,57.17,3.63
199847,7,79.178,59.73,3.71
199847,8,77.954,56.91,3.61
199847,9,71.492,52.46,3.55
199847,10,59.792,48.52,2.84
199847,11,48.2,47.77,2.94
199847,12,40.802,59.73,3
199962,1,39.974,51.94,2.58
199962,2,43.394,56.22,2.86
199962,3,51.026,53.82,3.06
199962,4,60.728,50.17,2.96
199962,5,69.512,53.27,3.3
199962,6,77.576,55.02,3.58
199962,7,80.69,57.18,3.6
199962,8,79.502,55.46,3.53
199962,9,73.112,49.79,3.25
199962,10,61.97,43.87,2.57
199962,11,50.612,43.69,2.86
199962,12,43.628,53.41,3.45
200004,1,33.728,61.16,3.59
200004,2,36.842,65.18,4.08
200004,3,44.51,62.15,3.63
200004,4,53.492,57.05,3.94
200004,5,61.502,58.72,3.81
200004,6,68.702,57.3,3.83
200004,7,71.708,59.97,4.51
200004,8,71.384,54.72,3.57
200004,9,65.57,49.56,3.75
200004,10,54.878,47.5,3.1
200004,11,44.33,49.11,3.59
200004,12,37.418,62.99,4.34
200217,1,15.854,64.7,0.41
200217,2,17.834,64.2,0.47
200217,3,31.442,66.56,0.78
200217,4,43.592,61.12,1.29
200217,5,56.066,60.07,2.36
200217,6,67.442,53.4,2.88
200217,7,74.858,43.8,1.99
200217,8,71.402,44.37,1.84
200217,9,61.16,47.47,1.57
200217,10,44.528,59.36,1.19
200217,11,31.532,62.75,0.43
200217,12,19.544,68.8,0.6
200253,1,12.362,61.11,0.47
200253,2,14.468,61.26,0.45
200253,3,29.048,66.21,0.72
200253,4,42.134,62.44,1.15
200253,5,54.428,59.11,2.46
200253,6,64.724,58.32,3.26
200253,7,71.726,46.75,1.96
200253,8,69.08,49.61,1.68
200253,9,58.676,52.56,1.64
200253,10,42.638,61.82,1.04
200253,11,29.39,66.86,0.53
200253,12,16.7,69.01,0.61
200332,1,9.716,61.87,0.46
200332,2,13.226,60.12,0.55
200332,3,29.552,66.11,0.95
200332,4,43.772,61.21,1.51
200332,5,56.534,61.1,2.7
200332,6,67.352,57.39,3.46
200332,7,73.382,48.24,2.57
200332,8,70.304,48.68,2.24
200332,9,60.8,50.18,2.3
200332,10,44.51,60.33,1.83
200332,11,30.632,64.25,0.58
200332,12,16.268,68.07,0.77
200800,1,25.394,83.6,2.08
200800,2,27.104,80.76,2.21
200800,3,36.158,77.3,2.58
200800,4,48.272,73.59,2.86
200800,5,59.63,73.95,3.17
200800,6,68.576,66.51,3.48
200800,7,73.328,61.4,3.03
200800,8,72.122,60.2,2.71
200800,9,65.048,57.68,3.02
200800,10,52.052,67.72,2.83
200800,11,40.1,73.32,2.33
200800,12,30.488,84.18,2.36
201104,1,25.826,79,1.99
201104,2,27.644,74.43,2.11
201104,3,36.716,69.68,2.4
201104,4,48.524,64,2.94
201104,5,59.558,64.27,3.32
201104,6,68.396,56.96,3.47
201104,7,72.968,51.72,2.99
201104,8,71.978,49.11,2.71
201104,9,65.282,47.42,2.83
201104,10,52.682,59.58,2.64
201104,11,40.766,64.46,2.33
201104,12,30.884,78.42,2.22
201195,1,27.536,83.6,1.86
201195,2,27.77,80.76,1.97
201195,3,34.916,77.3,2.28
201195,4,45.806,73.59,2.65
201195,5,56.984,73.95,3.1
201195,6,67.442,66.51,3.21
201195,7,73.418,61.4,2.96
201195,8,72.968,60.2,2.62
201195,9,66.722,57.68,2.93
201195,10,55.058,67.72,2.75
201195,11,43.718,73.32,2.26
201195,12,33.926,84.18,2.13
201371,1,25.79,77.93,1.85
201371,2,28.04,73.4,1.94
201371,3,37.652,69.05,2.24
201371,4,49.712,63.33,2.92
201371,5,60.8,64.46,3.44
201371,6,69.728,55.82,3.23
201371,7,73.904,49.62,2.96
201371,8,72.716,47.93,2.83
201371,9,65.822,46.33,2.63
201371,10,52.862,58.63,2.36
201371,11,40.73,63.18,2.3
201371,12,30.722,76.77,2.08
201441,1,25.178,77.88,1.75
201441,2,27.14,76.44,1.94
201441,3,36.932,69.69,2.1
201441,4,48.776,64.45,2.77
201441,5,60.26,64.44,3.36
201441,6,69.62,56.47,3.01
201441,7,74.282,49.56,2.88
201441,8,73.076,49.94,2.78
201441,9,65.966,48.2,2.59
201441,10,52.664,61.24,2.28
201441,11,40.442,66.71,2.28
201441,12,30.254,79.08,1.99
201548,1,27.284,77.51,2.09
201548,2,29.444,73.21,2.2
201548,3,39.272,67.91,2.75
201548,4,51.26,63.15,3.15
201548,5,61.754,63.84,3.39
201548,6,70.088,55.35,3.45
201548,7,74.138,53.91,3
201548,8,73.562,49.82,2.5
201548,9,66.722,45.55,2.58
201548,10,53.762,56.78,2.49
201548,11,41.45,60.83,2.36
201548,12,31.82,75.94,2.4
201645,1,27.536,83.6,1.86
201645,2,27.77,80.76,1.97
201645,3,34.916,77.3,2.28
201645,4,45.806,73.59,2.65
201645,5,56.984,73.95,3.1
201645,6,67.442,66.51,3.21
201645,7,73.418,61.4,2.96
201645,8,72.968,60.2,2.62
201645,9,66.722,57.68,2.93
201645,10,55.058,67.72,2.75
201645,11,43.718,73.32,2.26
201645,12,33.926,84.18,2.13
201654,1,28.256,77.2,2.23
201654,2,30.38,72.94,2.46
201654,3,40.46,67.59,2.99
201654,4,52.286,61.58,3.35
201654,5,62.438,62.94,3.56
201654,6,70.502,54.16,3.47
201654,7,74.264,51.57,3.15
201654,8,73.796,48.77,2.46
201654,9,67.28,44.74,2.5
201654,10,54.446,55.19,2.67
201654,11,42.134,60.04,2.45
201654,12,32.63,75.43,2.64
201885,1,30.146,74.75,2.36
201885,2,32.252,71.57,2.74
201885,3,42.296,67.09,3.25
201885,4,54.014,61.53,3.69
201885,5,63.86,63.61,3.8
201885,6,71.942,54.35,3.54
201885,7,76.01,50.58,3.38
201885,8,75.452,48.39,2.54
201885,9,68.774,44.9,2.73
201885,10,55.904,55.6,2.97
201885,11,43.556,59.96,2.69
201885,12,34.268,73.7,2.97
202480,1,28.436,74.75,2.37
202480,2,30.722,71.57,2.48
202480,3,40.928,67.09,3.13
202480,4,52.79,61.53,3.49
202480,5,62.942,63.61,3.68
202480,6,71.114,54.35,3.72
202480,7,74.822,50.58,3.19
202480,8,74.48,48.39,2.5
202480,9,67.874,44.9,2.59
202480,10,54.842,55.6,2.8
202480,11,42.386,59.96,2.62
202480,12,32.756,73.7,2.74
202523,1,27.446,79,2.14
202523,2,29.534,74.43,2.22
202523,3,39.11,69.68,2.75
202523,4,51.152,64,3.19
202523,5,61.7,64.27,3.29
202523,6,70.142,56.96,3.53
202523,7,74.462,51.72,3.06
202523,8,73.832,49.11,2.52
202523,9,66.812,47.42,2.63
202523,10,53.762,59.58,2.54
202523,11,41.468,64.46,2.37
202523,12,32.018,78.42,2.45
202763,1,25.79,77.88,1.85
202763,2,28.04,76.44,1.94
202763,3,37.652,69.69,2.24
202763,4,49.712,64.45,2.92
202763,5,60.8,64.44,3.44
202763,6,69.728,56.47,3.23
202763,7,73.904,49.56,2.96
202763,8,72.716,49.94,2.83
202763,9,65.822,48.2,2.63
202763,10,52.862,61.24,2.36
202763,11,40.73,66.71,2.3
202763,12,30.722,79.08,2.08
203085,1,25.718,77.88,1.93
203085,2,27.878,76.44,2.01
203085,3,37.31,69.69,2.29
203085,4,49.316,64.45,2.93
203085,5,60.368,64.44,3.33
203085,6,69.26,56.47,3.28
203085,7,73.634,49.56,2.92
203085,8,72.482,49.94,2.81
203085,9,65.606,48.2,2.72
203085,10,52.772,61.24,2.45
203085,11,40.712,66.71,2.3
203085,12,30.722,79.08,2.14
203128,1,25.772,83.6,2.07
203128,2,26.636,80.76,2.18
203128,3,34.862,77.3,2.51
203128,4,46.706,73.59,2.77
203128,5,58.424,73.95,3.22
203128,6,67.856,66.51,3.28
203128,7,72.842,61.4,3.17
203128,8,71.618,60.2,2.74
203128,9,65.03,57.68,3.21
203128,10,52.718,67.72,3.04
203128,11,41.234,73.32,2.44
203128,12,31.442,84.18,2.35
203368,1,25.772,83.6,2.07
203368,2,26.636,80.76,2.18
203368,3,34.862,77.3,2.51
203368,4,46.706,73.59,2.77
203368,5,58.424,73.95,3.22
203368,6,67.856,66.51,3.28
203368,7,72.842,61.4,3.17
203368,8,71.618,60.2,2.74
203368,9,65.03,57.68,3.21
203368,10,52.718,67.72,3.04
203368,11,41.234,73.32,2.44
203368,12,31.442,84.18,2.35
203517,1,25.394,83.6,2.08
203517,2,27.104,80.76,2.21
203517,3,36.158,77.3,2.58
203517,4,48.272,73.59,2.86
203517,5,59.63,73.95,3.17
203517,6,68.576,66.51,3.48
203517,7,73.328,61.4,3.03
203517,8,72.122,60.2,2.71
203517,9,65.048,57.68,3.02
203517,10,52.052,67.72,2.83
203517,11,40.1,73.32,2.33
203517,12,30.488,84.18,2.36
203535,1,25.97,79,2.08
203535,2,28.022,74.43,2.19
203535,3,37.472,69.68,2.61
203535,4,49.514,64,3.08
203535,5,60.278,64.27,3.33
203535,6,68.72,56.96,3.64
203535,7,73.004,51.72,3.02
203535,8,72.266,49.11,2.65
203535,9,65.444,47.42,2.75
203535,10,52.592,59.58,2.58
203535,11,40.496,64.46,2.35
203535,12,30.83,78.42,2.34
203580,1,25.772,83.6,2.07
203580,2,26.636,80.76,2.18
203580,3,34.862,77.3,2.51
203580,4,46.706,73.59,2.77
203580,5,58.424,73.95,3.22
203580,6,67.856,66.51,3.28
203580,7,72.842,61.4,3.17
203580,8,71.618,60.2,2.74
203580,9,65.03,57.68,3.21
203580,10,52.718,67.72,3.04
203580,11,41.234,73.32,2.44
203580,12,31.442,84.18,2.35
203775,1,25.394,79.03,2.08
203775,2,27.104,75.55,2.21
203775,3,36.158,70.22,2.58
203775,4,48.272,65.95,2.86
203775,5,59.63,66.01,3.17
203775,6,68.576,58.16,3.48
203775,7,73.328,53.15,3.03
203775,8,72.122,51.71,2.71
203775,9,65.048,49.03,3.02
203775,10,52.052,61.56,2.83
203775,11,40.1,66.19,2.33
203775,12,30.488,79.55,2.36
203845,1,28.958,77.05,2.56
203845,2,31.19,74.33,2.78
203845,3,40.676,68.96,2.82
203845,4,52.574,64.21,3.21
203845,5,62.564,66.05,3.5
203845,6,70.646,58.79,3.66
203845,7,75.092,56.97,3.58
203845,8,74.732,54.03,2.63
203845,9,67.982,49.51,2.76
203845,10,54.806,58.82,2.84
203845,11,42.566,62.39,2.47
203845,12,33.548,76.31,2.95
204024,1,27.806,74.75,2.47
204024,2,30.254,71.57,2.54
204024,3,40.514,67.09,3.14
204024,4,52.412,61.53,3.7
204024,5,62.546,63.61,3.81
204024,6,70.826,54.35,3.94
204024,7,74.318,50.58,3.2
204024,8,73.796,48.39,2.65
204024,9,67.316,44.9,2.66
204024,10,54.374,55.6,2.92
204024,11,41.936,59.96,2.78
204024,12,32.144,73.7,2.87
204185,1,25.394,79.03,2.08
204185,2,27.104,75.55,2.21
204185,3,36.158,70.22,2.58
204185,4,48.272,65.95,2.86
204185,5,59.63,66.01,3.17
204185,6,68.576,58.16,3.48
204185,7,73.328,53.15,3.03
204185,8,72.122,51.71,2.71
204185,9,65.048,49.03,3.02
204185,10,52.052,61.56,2.83
204185,11,40.1,66.19,2.33
204185,12,30.488,79.55,2.36
204200,1,30.146,74.75,2.36
204200,2,32.252,71.57,2.74
204200,3,42.296,67.09,3.25
204200,4,54.014,61.53,3.69
204200,5,63.86,63.61,3.8
204200,6,71.942,54.35,3.54
204200,7,76.01,50.58,3.38
204200,8,75.452,48.39,2.54
204200,9,68.774,44.9,2.73
204200,10,55.904,55.6,2.97
204200,11,43.556,59.96,2.69
204200,12,34.268,73.7,2.97
204264,1,27.698,77.05,2.23
204264,2,29.714,74.33,2.3
204264,3,39.074,68.96,2.72
204264,4,51.17,64.21,3.21
204264,5,61.7,66.05,3.23
204264,6,70.304,58.79,3.48
204264,7,75.002,56.97,2.99
204264,8,74.282,54.03,2.51
204264,9,67.064,49.51,2.74
204264,10,53.798,58.82,2.68
204264,11,41.504,62.39,2.39
204264,12,32.288,76.31,2.57
204501,1,27.482,82.71,1.83
204501,2,28.202,81.26,1.93
204501,3,35.654,79.79,2.17
204501,4,46.598,80,2.68
204501,5,57.776,80.8,3.09
204501,6,68,74.98,3.18
204501,7,73.706,69.62,2.92
204501,8,73.04,67.97,2.65
204501,9,66.704,61.64,2.71
204501,10,54.968,68.62,2.5
204501,11,43.322,72.47,2.19
204501,12,33.368,81.98,2.07
204617,1,27.284,77.51,2.09
204617,2,29.444,73.21,2.2
204617,3,39.272,67.91,2.75
204617,4,51.26,63.15,3.15
204617,5,61.754,63.84,3.39
204617,6,70.088,55.35,3.45
204617,7,74.138,53.91,3
204617,8,73.562,49.82,2.5
204617,9,66.722,45.55,2.58
204617,10,53.762,56.78,2.49
204617,11,41.45,60.83,2.36
204617,12,31.82,75.94,2.4
204635,1,25.79,77.93,1.85
204635,2,28.04,73.4,1.94
204635,3,37.652,69.05,2.24
204635,4,49.712,63.33,2.92
204635,5,60.8,64.46,3.44
204635,6,69.728,55.82,3.23
204635,7,73.904,49.62,2.96
204635,8,72.716,47.93,2.83
204635,9,65.822,46.33,2.63
204635,10,52.862,58.63,2.36
204635,11,40.73,63.18,2.3
204635,12,30.722,76.77,2.08
204796,1,27.284,77.2,2.09
204796,2,29.444,72.94,2.2
204796,3,39.272,67.59,2.75
204796,4,51.26,61.58,3.15
204796,5,61.754,62.94,3.39
204796,6,70.088,54.16,3.45
204796,7,74.138,51.57,3
204796,8,73.562,48.77,2.5
204796,9,66.722,44.74,2.58
204796,10,53.762,55.19,2.49
204796,11,41.45,60.04,2.36
204796,12,31.82,75.43,2.4
204857,1,29.03,77.51,2.31
204857,2,31.154,73.21,2.5
204857,3,40.748,67.91,2.85
204857,4,52.61,63.15,3.36
204857,5,62.762,63.84,3.38
204857,6,71.114,55.35,3.53
204857,7,75.668,53.91,3.3
204857,8,75.236,49.82,2.44
204857,9,68.144,45.55,2.73
204857,10,54.95,56.78,2.74
204857,11,42.53,60.83,2.47
204857,12,33.476,75.94,2.77
204909,1,26.186,77.93,2.01
204909,2,28.364,73.4,2.1
204909,3,37.994,69.05,2.54
204909,4,50.072,63.33,3.04
204909,5,60.836,64.46,3.39
204909,6,69.368,55.82,3.48
204909,7,73.454,49.62,2.96
204909,8,72.608,47.93,2.69
204909,9,65.75,46.33,2.7
204909,10,52.898,58.63,2.46
204909,11,40.73,63.18,2.36
204909,12,30.974,76.77,2.26
204936,1,27.284,79,2.09
204936,2,29.444,74.43,2.2
204936,3,39.272,69.68,2.75
204936,4,51.26,64,3.15
204936,5,61.754,64.27,3.39
204936,6,70.088,56.96,3.45
204936,7,74.138,51.72,3
204936,8,73.562,49.11,2.5
204936,9,66.722,47.42,2.58
204936,10,53.762,59.58,2.49
204936,11,41.45,64.46,2.36
204936,12,31.82,78.42,2.4
205957,1,26.672,78.85,2.19
205957,2,28.472,75.73,2.29
205957,3,37.562,70.27,2.55
205957,4,49.676,66.63,2.84
205957,5,60.422,67.31,3
205957,6,69.008,59.62,3.42
205957,7,74.012,55.71,2.78
205957,8,73.112,53.2,2.51
205957,9,65.894,51.28,2.76
205957,10,52.7,62.83,2.66
205957,11,40.694,66.33,2.24
205957,12,31.532,79.76,2.44
206048,1,25.718,77.88,1.93
206048,2,27.878,76.44,2.01
206048,3,37.31,69.69,2.29
206048,4,49.316,64.45,2.93
206048,5,60.368,64.44,3.33
206048,6,69.26,56.47,3.28
206048,7,73.634,49.56,2.92
206048,8,72.482,49.94,2.81
206048,9,65.606,48.2,2.72
206048,10,52.772,61.24,2.45
206048,11,40.712,66.71,2.3
206048,12,30.722,79.08,2.14
206084,1,25.178,77.88,1.75
206084,2,27.14,76.44,1.94
206084,3,36.932,69.69,2.1
206084,4,48.776,64.45,2.77
206084,5,60.26,64.44,3.36
206084,6,69.62,56.47,3.01
206084,7,74.282,49.56,2.88
206084,8,73.076,49.94,2.78
206084,9,65.966,48.2,2.59
206084,10,52.664,61.24,2.28
206084,11,40.442,66.71,2.28
206084,12,30.254,79.08,1.99
206437,1,25.394,79.03,2.08
206437,2,27.104,75.55,2.21
206437,3,36.158,70.22,2.58
206437,4,48.272,65.95,2.86
206437,5,59.63,66.01,3.17
206437,6,68.576,58.16,3.48
206437,7,73.328,53.15,3.03
206437,8,72.122,51.71,2.71
206437,9,65.048,49.03,3.02
206437,10,52.052,61.56,2.83
206437,11,40.1,66.19,2.33
206437,12,30.488,79.55,2.36
206507,1,28.256,77.2,2.23
206507,2,30.38,72.94,2.46
206507,3,40.46,67.59,2.99
206507,4,52.286,61.58,3.35
206507,5,62.438,62.94,3.56
206507,6,70.502,54.16,3.47
206507,7,74.264,51.57,3.15
206507,8,73.796,48.77,2.46
206507,9,67.28,44.74,2.5
206507,10,54.446,55.19,2.67
206507,11,42.134,60.04,2.45
206507,12,32.63,75.43,2.64
206525,1,26.96,77.2,2.12
206525,2,29.156,72.94,2.21
206525,3,39.11,67.59,2.79
206525,4,51.098,61.58,3.18
206525,5,61.574,62.94,3.49
206525,6,69.89,54.16,3.51
206525,7,73.652,51.57,3.04
206525,8,73.058,48.77,2.51
206525,9,66.398,44.74,2.58
206525,10,53.528,55.19,2.51
206525,11,41.288,60.04,2.4
206525,12,31.532,75.43,2.43
206589,1,25.754,79.03,1.99
206589,2,27.464,75.55,2.14
206589,3,36.482,70.22,2.5
206589,4,48.398,65.95,2.88
206589,5,59.486,66.01,3.24
206589,6,68.414,58.16,3.51
206589,7,73.166,53.15,3.02
206589,8,72.176,51.71,2.69
206589,9,65.282,49.03,2.96
206589,10,52.448,61.56,2.79
206589,11,40.442,66.19,2.33
206589,12,30.776,79.55,2.27
206604,1,26.888,74.75,2.24
206604,2,29.228,71.57,2.21
206604,3,39.326,67.09,2.88
206604,4,51.35,61.53,3.31
206604,5,61.808,63.61,3.6
206604,6,70.214,54.35,3.7
206604,7,73.904,50.58,3.13
206604,8,73.238,48.39,2.63
206604,9,66.614,44.9,2.58
206604,10,53.654,55.6,2.63
206604,11,41.342,59.96,2.55
206604,12,31.46,73.7,2.51
206622,1,30.146,74.75,2.36
206622,2,32.252,71.57,2.74
206622,3,42.296,67.09,3.25
206622,4,54.014,61.53,3.69
206622,5,63.86,63.61,3.8
206622,6,71.942,54.35,3.54
206622,7,76.01,50.58,3.38
206622,8,75.452,48.39,2.54
206622,9,68.774,44.9,2.73
206622,10,55.904,55.6,2.97
206622,11,43.556,59.96,2.69
206622,12,34.268,73.7,2.97
206695,1,25.61,82.47,2.15
206695,2,27.266,79.26,2.24
206695,3,36.266,73.29,2.54
206695,4,48.434,68.82,2.81
206695,5,59.792,68.98,3.07
206695,6,68.648,62.87,3.4
206695,7,73.508,59.15,2.95
206695,8,72.32,57.92,2.63
206695,9,65.066,56.43,2.93
206695,10,52.034,67.31,2.7
206695,11,40.19,72.19,2.25
206695,12,30.74,85.12,2.37
206941,1,36.95,47.68,1.04
206941,2,40.478,55.68,1.38
206941,3,51.458,54.71,1.99
206941,4,60.764,52.44,2.95
206941,5,69.764,54.91,4.16
206941,6,78.818,44.33,3.78
206941,7,83.768,38.9,2.74
206941,8,82.382,39.71,3.04
206941,9,74.12,38.26,2.57
206941,10,61.214,39.89,2.62
206941,11,49.478,42.81,1.31
206941,12,38.768,51.46,1.21
207041,1,37.994,48.9,1.39
207041,2,41.648,57.47,1.9
207041,3,51.998,56.21,2.38
207041,4,61.07,53.93,3.29
207041,5,69.638,56.74,4.63
207041,6,78.35,45.29,3.93
207041,7,83.534,40.13,2.87
207041,8,82.976,41.47,2.84
207041,9,74.66,40.02,3.01
207041,10,62.078,41.62,3.16
207041,11,50.504,45.61,1.66
207041,12,40.046,52.36,1.77
207263,1,35.69,53.47,1.92
207263,2,39.632,61.5,2.18
207263,3,49.892,58.9,3.1
207263,4,59.288,55.65,4.03
207263,5,67.874,57.01,5.04
207263,6,77,47.69,3.68
207263,7,82.148,45.29,3.2
207263,8,81.086,44.75,3.35
207263,9,73.058,40.56,3.15
207263,10,60.26,45.03,3.58
207263,11,48.848,49.24,2.37
207263,12,38.552,56.47,2.32
207324,1,36.95,47.68,1.04
207324,2,40.478,55.68,1.38
207324,3,51.458,54.71,1.99
207324,4,60.764,52.44,2.95
207324,5,69.764,54.91,4.16
207324,6,78.818,44.33,3.78
207324,7,83.768,38.9,2.74
207324,8,82.382,39.71,3.04
207324,9,74.12,38.26,2.57
207324,10,61.214,39.89,2.62
207324,11,49.478,42.81,1.31
207324,12,38.768,51.46,1.21
207388,1,36.194,48.54,1.2
207388,2,39.776,55.67,1.52
207388,3,50.864,55.07,2.2
207388,4,60.35,53.2,3.19
207388,5,69.458,54.57,4.34
207388,6,78.728,44.46,3.89
207388,7,83.84,39.92,2.91
207388,8,82.598,42.16,3.23
207388,9,74.354,40.72,2.7
207388,10,61.178,41.87,2.72
207388,11,49.28,42.72,1.51
207388,12,38.426,52.15,1.32
207403,1,37.13,49.22,1.26
207403,2,40.73,57.82,1.68
207403,3,51.476,56.54,2.26
207403,4,60.692,53.87,3.25
207403,5,69.512,56.7,4.47
207403,6,78.422,46.2,3.93
207403,7,83.624,40.41,2.96
207403,8,82.544,41.67,3.18
207403,9,74.336,40.12,2.82
207403,10,61.502,42.29,2.94
207403,11,49.838,45.49,1.57
207403,12,39.218,52.81,1.54
207500,1,37.976,47.68,1.13
207500,2,41.63,55.68,1.53
207500,3,52.268,54.71,2.05
207500,4,61.43,52.44,2.99
207500,5,70.16,54.91,4.3
207500,6,79.106,44.33,3.78
207500,7,84.11,38.9,2.53
207500,8,83.318,39.71,2.84
207500,9,74.858,38.26,2.77
207500,10,62.114,39.89,2.76
207500,11,50.396,42.81,1.4
207500,12,39.776,51.46,1.38
207582,1,36.014,52.54,1.44
207582,2,39.722,59.11,1.69
207582,3,50.63,57.92,2.48
207582,4,59.99,56.01,3.48
207582,5,68.864,56.92,4.65
207582,6,78.17,47.13,3.77
207582,7,83.516,43.38,2.99
207582,8,82.31,43.98,3.26
207582,9,74.012,40.96,2.85
207582,10,60.944,44.75,2.99
207582,11,49.244,47.99,1.79
207582,12,38.516,55.34,1.67
207847,1,40.802,48.9,2.04
207847,2,44.744,57.47,2.57
207847,3,54.176,56.21,3.06
207847,4,62.744,53.93,3.43
207847,5,70.898,56.74,4.74
207847,6,79.376,45.29,3.48
207847,7,83.84,40.13,2.47
207847,8,84.092,41.47,2.46
207847,9,76.46,40.02,3.1
207847,10,64.472,41.62,3.53
207847,11,53.078,45.61,2.26
207847,12,43.088,52.36,2.53
207865,1,36.59,46.4,0.84
207865,2,39.74,53.71,1.15
207865,3,50.702,53.1,1.66
207865,4,60.026,50.78,2.47
207865,5,69.548,53.1,3.57
207865,6,79.196,44.24,3.31
207865,7,83.894,38.8,2.16
207865,8,82.292,40.77,2.71
207865,9,73.598,40.16,2.32
207865,10,60.386,39.61,2.31
207865,11,48.38,40.6,1.15
207865,12,37.85,50.07,0.93
208822,1,39.128,79.37,7.19
208822,2,39.812,75.4,5.15
208822,3,43.322,78.37,5.76
208822,4,46.994,74.83,3.88
208822,5,53.186,68.27,2.36
208822,6,57.74,62.06,1.65
208822,7,63.266,38.73,0.37
208822,8,64.166,40.35,0.62
208822,9,59.738,47.41,1.92
208822,10,51.116,62.79,4.47
208822,11,43.322,76.51,7.5
208822,12,38.264,80.52,8.26
209056,1,38.39,79.37,6.97
209056,2,39.434,75.4,5.09
209056,3,43.34,78.37,5.74
209056,4,47.336,74.83,3.98
209056,5,53.996,68.27,2.56
209056,6,58.856,62.06,1.83
209056,7,66.056,38.73,0.35
209056,8,67.514,40.35,0.63
209056,9,61.7,47.41,1.9
209056,10,51.674,62.79,4.43
209056,11,43.052,76.51,7.24
209056,12,37.508,80.52,8.1
209065,1,40.676,79.37,6.42
209065,2,41.216,75.4,4.79
209065,3,44.528,78.37,5.35
209065,4,48.056,74.83,3.76
209065,5,54.194,68.27,2.3
209065,6,58.712,62.06,1.57
209065,7,64.508,38.73,0.29
209065,8,65.516,40.35,0.48
209065,9,61.106,47.41,1.77
209065,10,52.502,62.79,3.98
209065,11,44.528,76.51,6.67
209065,12,39.524,80.52,7.7
209542,1,40.82,78.89,6.56
209542,2,41.396,74.45,5.1
209542,3,44.492,75.93,5.66
209542,4,47.876,71.79,4.22
209542,5,53.87,64.61,2.57
209542,6,58.388,56.89,1.74
209542,7,63.518,34.31,0.28
209542,8,64.382,37.11,0.45
209542,9,60.566,43.74,1.83
209542,10,52.358,59.72,4
209542,11,44.6,74.5,6.72
209542,12,39.668,79.64,7.97
209551,1,40.838,78.89,6.31
209551,2,41.036,74.45,5.03
209551,3,43.844,75.93,5.46
209551,4,47.084,71.79,4.05
209551,5,53.132,64.61,2.42
209551,6,57.668,56.89,1.59
209551,7,63.248,34.31,0.27
209551,8,64.652,37.11,0.43
209551,9,60.638,43.74,1.68
209551,10,52.232,59.72,3.66
209551,11,44.438,74.5,6.52
209551,12,39.56,79.64,7.84
209612,1,39.128,79.37,7.19
209612,2,39.812,75.4,5.15
209612,3,43.322,78.37,5.76
209612,4,46.994,74.83,3.88
209612,5,53.186,68.27,2.36
209612,6,57.74,62.06,1.65
209612,7,63.266,38.73,0.37
209612,8,64.166,40.35,0.62
209612,9,59.738,47.41,1.92
209612,10,51.116,62.79,4.47
209612,11,43.322,76.51,7.5
209612,12,38.264,80.52,8.26
209825,1,38.39,79.37,6.97
209825,2,39.434,75.4,5.09
209825,3,43.34,78.37,5.74
209825,4,47.336,74.83,3.98
209825,5,53.996,68.27,2.56
209825,6,58.856,62.06,1.83
209825,7,66.056,38.73,0.35
209825,8,67.514,40.35,0.63
209825,9,61.7,47.41,1.9
209825,10,51.674,62.79,4.43
209825,11,43.052,76.51,7.24
209825,12,37.508,80.52,8.1
210401,1,40.676,78.89,6.42
210401,2,41.216,74.45,4.79
210401,3,44.528,75.93,5.35
210401,4,48.056,71.79,3.76
210401,5,54.194,64.61,2.3
210401,6,58.712,56.89,1.57
210401,7,64.508,34.31,0.29
210401,8,65.516,37.11,0.48
210401,9,61.106,43.74,1.77
210401,10,52.502,59.72,3.98
210401,11,44.528,74.5,6.67
210401,12,39.524,79.64,7.7
210429,1,40.676,78.89,6.42
210429,2,41.216,74.45,4.79
210429,3,44.528,75.93,5.35
210429,4,48.056,71.79,3.76
210429,5,54.194,64.61,2.3
210429,6,58.712,56.89,1.57
210429,7,64.508,34.31,0.29
210429,8,65.516,37.11,0.48
210429,9,61.106,43.74,1.77
210429,10,52.502,59.72,3.98
210429,11,44.528,74.5,6.67
210429,12,39.524,79.64,7.7
210571,1,27.212,65.78,2.43
210571,2,29.12,64.13,2.61
210571,3,37.436,62.93,2.93
210571,4,49.46,61.85,3.24
210571,5,60.368,64.09,3.34
210571,6,69.53,59.36,4.12
210571,7,74.93,54.49,4.07
210571,8,73.4,54.49,3.81
210571,9,66.542,52.19,3.96
210571,10,53.708,57.61,3.73
210571,11,42.098,59.58,2.88
210571,12,32.558,67.73,3.34
210669,1,24.26,82.47,2.2
210669,2,25.484,79.26,2.2
210669,3,34.214,73.29,2.45
210669,4,46.202,68.82,2.82
210669,5,57.704,68.98,3.18
210669,6,66.272,62.87,3.45
210669,7,71.15,59.15,3.22
210669,8,70.286,57.92,2.7
210669,9,63.59,56.43,3.1
210669,10,50.648,67.31,3.1
210669,11,39.128,72.19,2.45
210669,12,29.624,85.12,2.47
210739,1,27.212,65.78,2.43
210739,2,29.12,64.13,2.61
210739,3,37.436,62.93,2.93
210739,4,49.46,61.85,3.24
210739,5,60.368,64.09,3.34
210739,6,69.53,59.36,4.12
210739,7,74.93,54.49,4.07
210739,8,73.4,54.49,3.81
210739,9,66.542,52.19,3.96
210739,10,53.708,57.61,3.73
210739,11,42.098,59.58,2.88
210739,12,32.558,67.73,3.34
210775,1,27.212,65.78,2.43
210775,2,29.12,64.13,2.61
210775,3,37.436,62.93,2.93
210775,4,49.46,61.85,3.24
210775,5,60.368,64.09,3.34
210775,6,69.53,59.36,4.12
210775,7,74.93,54.49,4.07
210775,8,73.4,54.49,3.81
210775,9,66.542,52.19,3.96
210775,10,53.708,57.61,3.73
210775,11,42.098,59.58,2.88
210775,12,32.558,67.73,3.34
211088,1,30.164,65.78,2.5
211088,2,32.27,64.13,2.75
211088,3,40.028,62.93,3.21
211088,4,51.404,61.85,3.23
211088,5,61.628,64.09,3.1
211088,6,70.862,59.36,4.02
211088,7,76.298,54.49,3.99
211088,8,75.2,54.49,3.89
211088,9,68.666,52.19,3.4
211088,10,56.336,57.61,3.54
211088,11,44.744,59.58,3.01
211088,12,35.618,67.73,3.58
211291,1,25.124,68.84,2.23
211291,2,26.816,67.34,2.3
211291,3,35.672,64.92,2.52
211291,4,47.822,63.18,3.04
211291,5,59.198,64.51,3.42
211291,6,68.018,58.68,3.66
211291,7,73.328,54.83,3.78
211291,8,72.05,56.4,3.39
211291,9,64.886,53.52,3.91
211291,10,51.89,59.36,3.41
211291,11,40.1,62,2.51
211291,12,30.29,71.23,2.86
211556,1,26.942,79.22,2.34
211556,2,28.742,77.57,2.41
211556,3,37.724,70.71,2.5
211556,4,49.874,66.97,2.83
211556,5,60.53,67.59,3.04
211556,6,68.828,61.03,3.5
211556,7,73.67,57.21,2.93
211556,8,72.77,55.63,2.61
211556,9,65.75,53.1,2.83
211556,10,52.808,64.41,2.72
211556,11,41.054,67.96,2.26
211556,12,31.838,80.97,2.55
211583,1,30.164,65.78,2.5
211583,2,32.27,64.13,2.75
211583,3,40.028,62.93,3.21
211583,4,51.404,61.85,3.23
211583,5,61.628,64.09,3.1
211583,6,70.862,59.36,4.02
211583,7,76.298,54.49,3.99
211583,8,75.2,54.49,3.89
211583,9,68.666,52.19,3.4
211583,10,56.336,57.61,3.54
211583,11,44.744,59.58,3.01
211583,12,35.618,67.73,3.58
211981,1,28.04,65.78,2.5
211981,2,29.948,64.13,2.7
211981,3,38.012,62.93,3.12
211981,4,49.766,61.85,3.33
211981,5,60.476,64.09,3.28
211981,6,69.656,59.36,4.11
211981,7,75.308,54.49,4.05
211981,8,73.922,54.49,3.89
211981,9,67.136,52.19,3.67
211981,10,54.518,57.61,3.7
211981,11,42.998,59.58,2.91
211981,12,33.602,67.73,3.5
212009,1,27.266,71.57,2.23
212009,2,29.174,68.89,2.4
212009,3,38.048,66.72,2.66
212009,4,50.018,64.81,3.16
212009,5,60.782,65.67,3.61
212009,6,69.854,59.64,3.57
212009,7,75.164,55.76,3.37
212009,8,73.724,56.94,3.05
212009,9,66.416,53.9,3.85
212009,10,53.402,61.05,3.32
212009,11,41.594,64.31,2.49
212009,12,31.82,73.98,2.89
212115,1,25.286,65.78,2.44
212115,2,27.14,64.13,2.63
212115,3,35.384,62.93,2.97
212115,4,47.426,61.85,3.28
212115,5,58.694,64.09,3.34
212115,6,67.604,59.36,4.14
212115,7,73.166,54.49,3.85
212115,8,71.762,54.49,3.9
212115,9,65.048,52.19,3.84
212115,10,52.394,57.61,3.88
212115,11,40.766,59.58,2.84
212115,12,31.028,67.73,3.37
212133,1,29.426,65.78,2.44
212133,2,31.442,64.13,2.67
212133,3,39.452,62.93,3.04
212133,4,51.188,61.85,3.23
212133,5,61.718,64.09,3.17
212133,6,71.096,59.36,4.18
212133,7,76.442,54.49,4.04
212133,8,75.002,54.49,3.86
212133,9,68.162,52.19,3.74
212133,10,55.616,57.61,3.59
212133,11,44.132,59.58,2.89
212133,12,34.736,67.73,3.42
212197,1,28.256,68.84,2.28
212197,2,30.236,67.34,2.5
212197,3,38.894,64.92,2.71
212197,4,50.846,63.18,3.19
212197,5,61.502,64.51,3.38
212197,6,70.682,58.68,3.87
212197,7,76.01,54.83,3.71
212197,8,74.552,56.4,3.38
212197,9,67.388,53.52,3.95
212197,10,54.428,59.36,3.57
212197,11,42.656,62,2.64
212197,12,33.026,71.23,3.04
212577,1,28.67,68.84,2.32
212577,2,30.686,67.34,2.55
212577,3,39.02,64.92,2.81
212577,4,50.918,63.18,3.17
212577,5,61.574,64.51,3.23
212577,6,70.79,58.68,4.05
212577,7,76.046,54.83,3.93
212577,8,74.588,56.4,3.66
212577,9,67.622,53.52,3.91
212577,10,54.86,59.36,3.61
212577,11,43.178,62,2.75
212577,12,33.674,71.23,3.18
212601,1,25.736,83.85,2.08
212601,2,25.862,81.61,2
212601,3,33.134,76.52,2.24
212601,4,44.096,76.14,2.65
212601,5,55.742,75.42,3.05
212601,6,65.48,68.38,3.25
212601,7,71.204,61.39,3.14
212601,8,70.664,58.61,2.55
212601,9,64.436,57.8,3.11
212601,10,52.304,70.2,3.24
212601,11,41.306,74.09,2.48
212601,12,31.928,84.85,2.43
212656,1,25.61,78.85,2.15
212656,2,27.266,75.73,2.24
212656,3,36.266,70.27,2.54
212656,4,48.434,66.63,2.81
212656,5,59.792,67.31,3.07
212656,6,68.648,59.62,3.4
212656,7,73.508,55.71,2.95
212656,8,72.32,53.2,2.63
212656,9,65.066,51.28,2.93
212656,10,52.034,62.83,2.7
212656,11,40.19,66.33,2.25
212656,12,30.74,79.76,2.37
212674,1,27.266,65.16,2.23
212674,2,29.174,64.38,2.4
212674,3,38.048,62.59,2.66
212674,4,50.018,61.57,3.16
212674,5,60.782,63.32,3.61
212674,6,69.854,57.03,3.57
212674,7,75.164,54.22,3.37
212674,8,73.724,53.94,3.05
212674,9,66.416,51.8,3.85
212674,10,53.402,54.76,3.32
212674,11,41.594,57.46,2.49
212674,12,31.82,65.9,2.89
212805,1,25.322,82.47,2.24
212805,2,26.888,79.26,2.3
212805,3,35.888,73.29,2.51
212805,4,47.93,68.82,2.84
212805,5,59.036,68.98,3.1
212805,6,67.442,62.87,3.47
212805,7,72.374,59.15,3.07
212805,8,71.528,57.92,2.7
212805,9,64.562,56.43,2.96
212805,10,51.53,67.31,2.79
212805,11,39.83,72.19,2.31
212805,12,30.47,85.12,2.46
212911,1,30.164,65.78,2.5
212911,2,32.27,64.13,2.75
212911,3,40.028,62.93,3.21
212911,4,51.404,61.85,3.23
212911,5,61.628,64.09,3.1
212911,6,70.862,59.36,4.02
212911,7,76.298,54.49,3.99
212911,8,75.2,54.49,3.89
212911,9,68.666,52.19,3.4
212911,10,56.336,57.61,3.54
212911,11,44.744,59.58,3.01
212911,12,35.618,67.73,3.58
213011,1,29.426,65.78,2.44
213011,2,31.442,64.13,2.67
213011,3,39.452,62.93,3.04
213011,4,51.188,61.85,3.23
213011,5,61.718,64.09,3.17
213011,6,71.096,59.36,4.18
213011,7,76.442,54.49,4.04
213011,8,75.002,54.49,3.86
213011,9,68.162,52.19,3.74
213011,10,55.616,57.61,3.59
213011,11,44.132,59.58,2.89
213011,12,34.736,67.73,3.42
213020,1,26.24,79.22,2.42
213020,2,27.968,77.57,2.51
213020,3,36.842,70.71,2.58
213020,4,48.848,66.97,2.96
213020,5,59.54,67.59,3.29
213020,6,67.622,61.03,3.63
213020,7,72.32,57.21,3.21
213020,8,71.51,55.63,2.88
213020,9,64.814,53.1,3.08
213020,10,51.962,64.41,2.85
213020,11,40.478,67.96,2.36
213020,12,31.1,80.97,2.72
213251,1,25.7,76.13,2.15
213251,2,27.392,74.25,2.27
213251,3,36.446,69.41,2.53
213251,4,48.38,66.48,2.91
213251,5,59.45,67.15,3.43
213251,6,67.946,61.85,3.43
213251,7,73.112,57.05,3.24
213251,8,71.996,57.36,2.96
213251,9,64.904,54.67,3.44
213251,10,51.872,63.95,3
213251,11,40.154,67.66,2.29
213251,12,30.38,78.73,2.71
213303,1,22.514,73.33,2.28
213303,2,24.152,70.98,2.37
213303,3,32.342,68.85,2.59
213303,4,44.582,65.72,3.11
213303,5,56.354,66.59,3.28
213303,6,64.832,62.07,4.05
213303,7,69.872,56.45,3.6
213303,8,68.54,57.3,3.75
213303,9,62.006,55.57,3.93
213303,10,49.55,64.07,3.64
213303,11,38.03,67.51,2.62
213303,12,28.382,76.35,2.91
213321,1,22.514,73.33,2.28
213321,2,24.152,70.98,2.37
213321,3,32.342,68.85,2.59
213321,4,44.582,65.72,3.11
213321,5,56.354,66.59,3.28
213321,6,64.832,62.07,4.05
213321,7,69.872,56.45,3.6
213321,8,68.54,57.3,3.75
213321,9,62.006,55.57,3.93
213321,10,49.55,64.07,3.64
213321,11,38.03,67.51,2.62
213321,12,28.382,76.35,2.91
213349,1,27.212,65.78,2.43
213349,2,29.12,64.13,2.61
213349,3,37.436,62.93,2.93
213349,4,49.46,61.85,3.24
213349,5,60.368,64.09,3.34
213349,6,69.53,59.36,4.12
213349,7,74.93,54.49,4.07
213349,8,73.4,54.49,3.81
213349,9,66.542,52.19,3.96
213349,10,53.708,57.61,3.73
213349,11,42.098,59.58,2.88
213349,12,32.558,67.73,3.34
213358,1,26.942,78.85,2.34
213358,2,28.742,75.73,2.41
213358,3,37.724,70.27,2.5
213358,4,49.874,66.63,2.83
213358,5,60.53,67.31,3.04
213358,6,68.828,59.62,3.5
213358,7,73.67,55.71,2.93
213358,8,72.77,53.2,2.61
213358,9,65.75,51.28,2.83
213358,10,52.808,62.83,2.72
213358,11,41.054,66.33,2.26
213358,12,31.838,79.76,2.55
213385,1,28.04,65.78,2.5
213385,2,29.948,64.13,2.7
213385,3,38.012,62.93,3.12
213385,4,49.766,61.85,3.33
213385,5,60.476,64.09,3.28
213385,6,69.656,59.36,4.11
213385,7,75.308,54.49,4.05
213385,8,73.922,54.49,3.89
213385,9,67.136,52.19,3.67
213385,10,54.518,57.61,3.7
213385,11,42.998,59.58,2.91
213385,12,33.602,67.73,3.5
213400,1,28.67,68.84,2.32
213400,2,30.686,67.34,2.55
213400,3,39.02,64.92,2.81
213400,4,50.918,63.18,3.17
213400,5,61.574,64.51,3.23
213400,6,70.79,58.68,4.05
213400,7,76.046,54.83,3.93
213400,8,74.588,56.4,3.66
213400,9,67.622,53.52,3.91
213400,10,54.86,59.36,3.61
213400,11,43.178,62,2.75
213400,12,33.674,71.23,3.18
213507,1,26.834,68.84,2.36
213507,2,28.652,67.34,2.52
213507,3,37.202,64.92,2.76
213507,4,49.244,63.18,3.25
213507,5,60.242,64.51,3.36
213507,6,69.26,58.68,4.14
213507,7,74.462,54.83,4.08
213507,8,73.004,56.4,3.76
213507,9,66.056,53.52,4.08
213507,10,53.24,59.36,3.66
213507,11,41.63,62,2.74
213507,12,32.036,71.23,3.15
213543,1,27.212,65.78,2.43
213543,2,29.12,64.13,2.61
213543,3,37.436,62.93,2.93
213543,4,49.46,61.85,3.24
213543,5,60.368,64.09,3.34
213543,6,69.53,59.36,4.12
213543,7,74.93,54.49,4.07
213543,8,73.4,54.49,3.81
213543,9,66.542,52.19,3.96
213543,10,53.708,57.61,3.73
213543,11,42.098,59.58,2.88
213543,12,32.558,67.73,3.34
213598,1,29.426,61.72,2.44
213598,2,31.442,60.48,2.67
213598,3,39.452,60.08,3.04
213598,4,51.188,58.35,3.23
213598,5,61.718,60.58,3.17
213598,6,71.096,56.01,4.18
213598,7,76.442,52.97,4.04
213598,8,75.002,52.16,3.86
213598,9,68.162,50.08,3.74
213598,10,55.616,52.7,3.59
213598,11,44.132,54.35,2.89
213598,12,34.736,62.62,3.42
213668,1,25.124,73.67,2.23
213668,2,26.816,71.16,2.3
213668,3,35.672,68.35,2.52
213668,4,47.822,65.61,3.04
213668,5,59.198,66.27,3.42
213668,6,68.018,61.12,3.66
213668,7,73.328,56.04,3.78
213668,8,72.05,57.06,3.39
213668,9,64.886,56.23,3.91
213668,10,51.89,64.98,3.41
213668,11,40.1,68.51,2.51
213668,12,30.29,77.17,2.86
213826,1,22.514,73.33,2.28
213826,2,24.152,70.98,2.37
213826,3,32.342,68.85,2.59
213826,4,44.582,65.72,3.11
213826,5,56.354,66.59,3.28
213826,6,64.832,62.07,4.05
213826,7,69.872,56.45,3.6
213826,8,68.54,57.3,3.75
213826,9,62.006,55.57,3.93
213826,10,49.55,64.07,3.64
213826,11,38.03,67.51,2.62
213826,12,28.382,76.35,2.91
213987,1,25.736,83.85,2.08
213987,2,25.862,81.61,2
213987,3,33.134,76.52,2.24
213987,4,44.096,76.14,2.65
213987,5,55.742,75.42,3.05
213987,6,65.48,68.38,3.25
213987,7,71.204,61.39,3.14
213987,8,70.664,58.61,2.55
213987,9,64.436,57.8,3.11
213987,10,52.304,70.2,3.24
213987,11,41.306,74.09,2.48
213987,12,31.928,84.85,2.43
213996,1,28.256,68.84,2.28
213996,2,30.236,67.34,2.5
213996,3,38.894,64.92,2.71
213996,4,50.846,63.18,3.19
213996,5,61.502,64.51,3.38
213996,6,70.682,58.68,3.87
213996,7,76.01,54.83,3.71
213996,8,74.552,56.4,3.38
213996,9,67.388,53.52,3.95
213996,10,54.428,59.36,3.57
213996,11,42.656,62,2.64
213996,12,33.026,71.23,3.04
214041,1,28.67,68.84,2.32
214041,2,30.686,67.34,2.55
214041,3,39.02,64.92,2.81
214041,4,50.918,63.18,3.17
214041,5,61.574,64.51,3.23
214041,6,70.79,58.68,4.05
214041,7,76.046,54.83,3.93
214041,8,74.588,56.4,3.66
214041,9,67.622,53.52,3.91
214041,10,54.86,59.36,3.61
214041,11,43.178,62,2.75
214041,12,33.674,71.23,3.18
214069,1,22.874,73.33,2.2
214069,2,24.422,70.98,2.28
214069,3,32.846,68.85,2.49
214069,4,45.086,65.72,3.01
214069,5,56.858,66.59,3.29
214069,6,65.354,62.07,3.79
214069,7,70.412,56.45,3.67
214069,8,69.098,57.3,3.56
214069,9,62.402,55.57,3.87
214069,10,49.82,64.07,3.43
214069,11,38.228,67.51,2.46
214069,12,28.544,76.35,2.75
214157,1,27.212,65.78,2.43
214157,2,29.12,64.13,2.61
214157,3,37.436,62.93,2.93
214157,4,49.46,61.85,3.24
214157,5,60.368,64.09,3.34
214157,6,69.53,59.36,4.12
214157,7,74.93,54.49,4.07
214157,8,73.4,54.49,3.81
214157,9,66.542,52.19,3.96
214157,10,53.708,57.61,3.73
214157,11,42.098,59.58,2.88
214157,12,32.558,67.73,3.34
214166,1,24.926,76.13,2.22
214166,2,26.582,74.25,2.36
214166,3,35.348,69.41,2.55
214166,4,47.228,66.48,2.93
214166,5,58.154,67.15,3.4
214166,6,66.236,61.85,3.5
214166,7,70.898,57.05,3.2
214166,8,70.124,57.36,2.92
214166,9,63.536,54.67,3.3
214166,10,50.72,63.95,2.89
214166,11,39.29,67.66,2.29
214166,12,29.714,78.73,2.69
214175,1,27.212,65.78,2.43
214175,2,29.12,64.13,2.61
214175,3,37.436,62.93,2.93
214175,4,49.46,61.85,3.24
214175,5,60.368,64.09,3.34
214175,6,69.53,59.36,4.12
214175,7,74.93,54.49,4.07
214175,8,73.4,54.49,3.81
214175,9,66.542,52.19,3.96
214175,10,53.708,57.61,3.73
214175,11,42.098,59.58,2.88
214175,12,32.558,67.73,3.34
214272,1,29.426,61.72,2.44
214272,2,31.442,60.48,2.67
214272,3,39.452,60.08,3.04
214272,4,51.188,58.35,3.23
214272,5,61.718,60.58,3.17
214272,6,71.096,56.01,4.18
214272,7,76.442,52.97,4.04
214272,8,75.002,52.16,3.86
214272,9,68.162,50.08,3.74
214272,10,55.616,52.7,3.59
214272,11,44.132,54.35,2.89
214272,12,34.736,62.62,3.42
215062,1,30.164,61.72,2.5
215062,2,32.27,60.48,2.75
215062,3,40.028,60.08,3.21
215062,4,51.404,58.35,3.23
215062,5,61.628,60.58,3.1
215062,6,70.862,56.01,4.02
215062,7,76.298,52.97,3.99
215062,8,75.2,52.16,3.89
215062,9,68.666,50.08,3.4
215062,10,56.336,52.7,3.54
215062,11,44.744,54.35,3.01
215062,12,35.618,62.62,3.58
215114,1,30.164,61.79,2.5
215114,2,32.27,59.96,2.75
215114,3,40.028,60.11,3.21
215114,4,51.404,60.66,3.23
215114,5,61.628,63.04,3.1
215114,6,70.862,58.51,4.02
215114,7,76.298,53.65,3.99
215114,8,75.2,53.11,3.89
215114,9,68.666,50.77,3.4
215114,10,56.336,55.41,3.54
215114,11,44.744,56.66,3.01
215114,12,35.618,63.48,3.58
215266,1,21.956,79.77,2.21
215266,2,23.054,77.25,2.11
215266,3,31.496,71.78,2.31
215266,4,43.448,67.08,2.8
215266,5,55.4,68.16,3.19
215266,6,63.806,62.61,3.48
215266,7,68.432,57.67,3.49
215266,8,67.586,58.13,3.1
215266,9,61.304,57.26,3.19
215266,10,48.47,68,3.42
215266,11,37.184,71.83,2.58
215266,12,27.59,82.59,2.71
215275,1,26.24,79.22,2.42
215275,2,27.968,77.57,2.51
215275,3,36.842,70.71,2.58
215275,4,48.848,66.97,2.96
215275,5,59.54,67.59,3.29
215275,6,67.622,61.03,3.63
215275,7,72.32,57.21,3.21
215275,8,71.51,55.63,2.88
215275,9,64.814,53.1,3.08
215275,10,51.962,64.41,2.85
215275,11,40.478,67.96,2.36
215275,12,31.1,80.97,2.72
215284,1,24.926,76.13,2.22
215284,2,26.582,74.25,2.36
215284,3,35.348,69.41,2.55
215284,4,47.228,66.48,2.93
215284,5,58.154,67.15,3.4
215284,6,66.236,61.85,3.5
215284,7,70.898,57.05,3.2
215284,8,70.124,57.36,2.92
215284,9,63.536,54.67,3.3
215284,10,50.72,63.95,2.89
215284,11,39.29,67.66,2.29
215284,12,29.714,78.73,2.69
215293,1,26.942,79.22,2.34
215293,2,28.742,77.57,2.41
215293,3,37.724,70.71,2.5
215293,4,49.874,66.97,2.83
215293,5,60.53,67.59,3.04
215293,6,68.828,61.03,3.5
215293,7,73.67,57.21,2.93
215293,8,72.77,55.63,2.61
215293,9,65.75,53.1,2.83
215293,10,52.808,64.41,2.72
215293,11,41.054,67.96,2.26
215293,12,31.838,80.97,2.55
215442,1,26.942,78.85,2.34
215442,2,28.742,75.73,2.41
215442,3,37.724,70.27,2.5
215442,4,49.874,66.63,2.83
215442,5,60.53,67.31,3.04
215442,6,68.828,59.62,3.5
215442,7,73.67,55.71,2.93
215442,8,72.77,53.2,2.61
215442,9,65.75,51.28,2.83
215442,10,52.808,62.83,2.72
215442,11,41.054,66.33,2.26
215442,12,31.838,79.76,2.55
215691,1,29.426,65.78,2.44
215691,2,31.442,64.13,2.67
215691,3,39.452,62.93,3.04
215691,4,51.188,61.85,3.23
215691,5,61.718,64.09,3.17
215691,6,71.096,59.36,4.18
215691,7,76.442,54.49,4.04
215691,8,75.002,54.49,3.86
215691,9,68.162,52.19,3.74
215691,10,55.616,57.61,3.59
215691,11,44.132,59.58,2.89
215691,12,34.736,67.73,3.42
215770,1,30.164,61.72,2.5
215770,2,32.27,60.48,2.75
215770,3,40.028,60.08,3.21
215770,4,51.404,58.35,3.23
215770,5,61.628,60.58,3.1
215770,6,70.862,56.01,4.02
215770,7,76.298,52.97,3.99
215770,8,75.2,52.16,3.89
215770,9,68.666,50.08,3.4
215770,10,56.336,52.7,3.54
215770,11,44.744,54.35,3.01
215770,12,35.618,62.62,3.58
215798,1,26.24,79.22,2.42
215798,2,27.968,77.57,2.51
215798,3,36.842,70.71,2.58
215798,4,48.848,66.97,2.96
215798,5,59.54,67.59,3.29
215798,6,67.622,61.03,3.63
215798,7,72.32,57.21,3.21
215798,8,71.51,55.63,2.88
215798,9,64.814,53.1,3.08
215798,10,51.962,64.41,2.85
215798,11,40.478,67.96,2.36
215798,12,31.1,80.97,2.72
215929,1,22.514,73.33,2.28
215929,2,24.152,70.98,2.37
215929,3,32.342,68.85,2.59
215929,4,44.582,65.72,3.11
215929,5,56.354,66.59,3.28
215929,6,64.832,62.07,4.05
215929,7,69.872,56.45,3.6
215929,8,68.54,57.3,3.75
215929,9,62.006,55.57,3.93
215929,10,49.55,64.07,3.64
215929,11,38.03,67.51,2.62
215929,12,28.382,76.35,2.91
215947,1,26.24,79.22,2.42
215947,2,27.968,77.57,2.51
215947,3,36.842,70.71,2.58
215947,4,48.848,66.97,2.96
215947,5,59.54,67.59,3.29
215947,6,67.622,61.03,3.63
215947,7,72.32,57.21,3.21
215947,8,71.51,55.63,2.88
215947,9,64.814,53.1,3.08
215947,10,51.962,64.41,2.85
215947,11,40.478,67.96,2.36
215947,12,31.1,80.97,2.72
216010,1,27.266,71.57,2.23
216010,2,29.174,68.89,2.4
216010,3,38.048,66.72,2.66
216010,4,50.018,64.81,3.16
216010,5,60.782,65.67,3.61
216010,6,69.854,59.64,3.57
216010,7,75.164,55.76,3.37
216010,8,73.724,56.94,3.05
216010,9,66.416,53.9,3.85
216010,10,53.402,61.05,3.32
216010,11,41.594,64.31,2.49
216010,12,31.82,73.98,2.89
216038,1,25.322,82.47,2.24
216038,2,26.888,79.26,2.3
216038,3,35.888,73.29,2.51
216038,4,47.93,68.82,2.84
216038,5,59.036,68.98,3.1
216038,6,67.442,62.87,3.47
216038,7,72.374,59.15,3.07
216038,8,71.528,57.92,2.7
216038,9,64.562,56.43,2.96
216038,10,51.53,67.31,2.79
216038,11,39.83,72.19,2.31
216038,12,30.47,85.12,2.46
216278,1,25.124,68.84,2.23
216278,2,26.816,67.34,2.3
216278,3,35.672,64.92,2.52
216278,4,47.822,63.18,3.04
216278,5,59.198,64.51,3.42
216278,6,68.018,58.68,3.66
216278,7,73.328,54.83,3.78
216278,8,72.05,56.4,3.39
216278,9,64.886,53.52,3.91
216278,10,51.89,59.36,3.41
216278,11,40.1,62,2.51
216278,12,30.29,71.23,2.86
216287,1,29.426,61.72,2.44
216287,2,31.442,60.48,2.67
216287,3,39.452,60.08,3.04
216287,4,51.188,58.35,3.23
216287,5,61.718,60.58,3.17
216287,6,71.096,56.01,4.18
216287,7,76.442,52.97,4.04
216287,8,75.002,52.16,3.86
216287,9,68.162,50.08,3.74
216287,10,55.616,52.7,3.59
216287,11,44.132,54.35,2.89
216287,12,34.736,62.62,3.42
216357,1,25.304,82.47,2.08
216357,2,26.456,79.26,2.17
216357,3,34.988,73.29,2.49
216357,4,46.958,68.82,2.76
216357,5,58.64,68.98,3.18
216357,6,67.856,62.87,3.27
216357,7,72.878,59.15,3.16
216357,8,71.672,57.92,2.72
216357,9,64.778,56.43,3.19
216357,10,51.962,67.31,3.02
216357,11,40.316,72.19,2.41
216357,12,30.722,85.12,2.35
216366,1,30.164,61.72,2.5
216366,2,32.27,60.48,2.75
216366,3,40.028,60.08,3.21
216366,4,51.404,58.35,3.23
216366,5,61.628,60.58,3.1
216366,6,70.862,56.01,4.02
216366,7,76.298,52.97,3.99
216366,8,75.2,52.16,3.89
216366,9,68.666,50.08,3.4
216366,10,56.336,52.7,3.54
216366,11,44.744,54.35,3.01
216366,12,35.618,62.62,3.58
216524,1,29.426,65.78,2.44
216524,2,31.442,64.13,2.67
216524,3,39.452,62.93,3.04
216524,4,51.188,61.85,3.23
216524,5,61.718,64.09,3.17
216524,6,71.096,59.36,4.18
216524,7,76.442,54.49,4.04
216524,8,75.002,54.49,3.86
216524,9,68.162,52.19,3.74
216524,10,55.616,57.61,3.59
216524,11,44.132,59.58,2.89
216524,12,34.736,67.73,3.42
216542,1,29.426,65.78,2.44
216542,2,31.442,64.13,2.67
216542,3,39.452,62.93,3.04
216542,4,51.188,61.85,3.23
216542,5,61.718,64.09,3.17
216542,6,71.096,59.36,4.18
216542,7,76.442,54.49,4.04
216542,8,75.002,54.49,3.86
216542,9,68.162,52.19,3.74
216542,10,55.616,57.61,3.59
216542,11,44.132,59.58,2.89
216542,12,34.736,67.73,3.42
216597,1,29.426,65.78,2.44
216597,2,31.442,64.13,2.67
216597,3,39.452,62.93,3.04
216597,4,51.188,61.85,3.23
216597,5,61.718,64.09,3.17
216597,6,71.096,59.36,4.18
216597,7,76.442,54.49,4.04
216597,8,75.002,54.49,3.86
216597,9,68.162,52.19,3.74
216597,10,55.616,57.61,3.59
216597,11,44.132,59.58,2.89
216597,12,34.736,67.73,3.42
216667,1,27.644,78.85,2.52
216667,2,29.606,75.73,2.65
216667,3,38.516,70.27,2.62
216667,4,50.504,66.63,2.98
216667,5,60.728,67.31,3.3
216667,6,68.792,59.62,3.6
216667,7,73.364,55.71,3.23
216667,8,72.716,53.2,2.66
216667,9,66.02,51.28,2.8
216667,10,53.15,62.83,2.79
216667,11,41.468,66.33,2.32
216667,12,32.378,79.76,2.77
216694,1,27.644,78.37,2.52
216694,2,29.606,75.36,2.65
216694,3,38.516,70.09,2.62
216694,4,50.504,65.5,2.98
216694,5,60.728,66.28,3.3
216694,6,68.792,60.45,3.6
216694,7,73.364,58.75,3.23
216694,8,72.716,55.65,2.66
216694,9,66.02,51.63,2.8
216694,10,53.15,60.39,2.79
216694,11,41.468,64.42,2.32
216694,12,32.378,77.97,2.77
216764,1,29.426,61.72,2.44
216764,2,31.442,60.48,2.67
216764,3,39.452,60.08,3.04
216764,4,51.188,58.35,3.23
216764,5,61.718,60.58,3.17
216764,6,71.096,56.01,4.18
216764,7,76.442,52.97,4.04
216764,8,75.002,52.16,3.86
216764,9,68.162,50.08,3.74
216764,10,55.616,52.7,3.59
216764,11,44.132,54.35,2.89
216764,12,34.736,62.62,3.42
216807,1,25.61,82.47,2.15
216807,2,27.266,79.26,2.24
216807,3,36.266,73.29,2.54
216807,4,48.434,68.82,2.81
216807,5,59.792,68.98,3.07
216807,6,68.648,62.87,3.4
216807,7,73.508,59.15,2.95
216807,8,72.32,57.92,2.63
216807,9,65.066,56.43,2.93
216807,10,52.034,67.31,2.7
216807,11,40.19,72.19,2.25
216807,12,30.74,85.12,2.37
216852,1,29.426,61.72,2.44
216852,2,31.442,60.48,2.67
216852,3,39.452,60.08,3.04
216852,4,51.188,58.35,3.23
216852,5,61.718,60.58,3.17
216852,6,71.096,56.01,4.18
216852,7,76.442,52.97,4.04
216852,8,75.002,52.16,3.86
216852,9,68.162,50.08,3.74
216852,10,55.616,52.7,3.59
216852,11,44.132,54.35,2.89
216852,12,34.736,62.62,3.42
216931,1,24.422,73.33,2.4
216931,2,26.168,70.98,2.51
216931,3,34.538,68.85,2.77
216931,4,46.67,65.72,3.19
216931,5,58.028,66.59,3.4
216931,6,66.74,62.07,4.08
216931,7,71.942,56.45,3.87
216931,8,70.52,57.3,3.84
216931,9,63.878,55.57,4.07
216931,10,51.278,64.07,3.73
216931,11,39.758,67.51,2.81
216931,12,30.092,76.35,3.17
217013,1,27.266,65.16,2.23
217013,2,29.174,64.38,2.4
217013,3,38.048,62.59,2.66
217013,4,50.018,61.57,3.16
217013,5,60.782,63.32,3.61
217013,6,69.854,57.03,3.57
217013,7,75.164,54.22,3.37
217013,8,73.724,53.94,3.05
217013,9,66.416,51.8,3.85
217013,10,53.402,54.76,3.32
217013,11,41.594,57.46,2.49
217013,12,31.82,65.9,2.89
217059,1,28.256,63.15,2.28
217059,2,30.236,62.04,2.5
217059,3,38.894,61.04,2.71
217059,4,50.846,59.33,3.19
217059,5,61.502,61.68,3.38
217059,6,70.682,55.61,3.87
217059,7,76.01,52.53,3.71
217059,8,74.552,52.95,3.38
217059,9,67.388,50.95,3.95
217059,10,54.428,53.74,3.57
217059,11,42.656,55.39,2.64
217059,12,33.026,63.34,3.04
217156,1,27.176,69.23,2.75
217156,2,28.76,64.52,3.04
217156,3,35.438,60.74,3.65
217156,4,46.112,59.03,3.64
217156,5,56.75,61.91,2.9
217156,6,66.056,58.64,3.58
217156,7,73.184,54.33,2.93
217156,8,72.554,51.53,2.88
217156,9,65.588,51.74,3.2
217156,10,53.78,60.09,3.97
217156,11,42.872,64.19,3.36
217156,12,33.458,68.6,3.77
217165,1,27.176,69.23,2.75
217165,2,28.76,64.52,3.04
217165,3,35.438,60.74,3.65
217165,4,46.112,59.03,3.64
217165,5,56.75,61.91,2.9
217165,6,66.056,58.64,3.58
217165,7,73.184,54.33,2.93
217165,8,72.554,51.53,2.88
217165,9,65.588,51.74,3.2
217165,10,53.78,60.09,3.97
217165,11,42.872,64.19,3.36
217165,12,33.458,68.6,3.77
217235,1,27.176,69.23,2.75
217235,2,28.76,64.52,3.04
217235,3,35.438,60.74,3.65
217235,4,46.112,59.03,3.64
217235,5,56.75,61.91,2.9
217235,6,66.056,58.64,3.58
217235,7,73.184,54.33,2.93
217235,8,72.554,51.53,2.88
217235,9,65.588,51.74,3.2
217235,10,53.78,60.09,3.97
217235,11,42.872,64.19,3.36
217235,12,33.458,68.6,3.77
217420,1,27.176,69.23,2.75
217420,2,28.76,64.52,3.04
217420,3,35.438,60.74,3.65
217420,4,46.112,59.03,3.64
217420,5,56.75,61.91,2.9
217420,6,66.056,58.64,3.58
217420,7,73.184,54.33,2.93
217420,8,72.554,51.53,2.88
217420,9,65.588,51.74,3.2
217420,10,53.78,60.09,3.97
217420,11,42.872,64.19,3.36
217420,12,33.458,68.6,3.77
217484,1,31.586,69.23,2.66
217484,2,32.162,64.52,2.88
217484,3,37.22,60.74,3.48
217484,4,46.058,59.03,3.51
217484,5,55.616,61.91,2.8
217484,6,64.886,58.64,3.35
217484,7,72.212,54.33,2.77
217484,8,72.266,51.53,2.69
217484,9,66.452,51.74,3.31
217484,10,56.498,60.09,3.85
217484,11,46.67,64.19,3.22
217484,12,37.85,68.6,3.64
217518,1,31.586,69.23,2.66
217518,2,32.162,64.52,2.88
217518,3,37.22,60.74,3.48
217518,4,46.058,59.03,3.51
217518,5,55.616,61.91,2.8
217518,6,64.886,58.64,3.35
217518,7,72.212,54.33,2.77
217518,8,72.266,51.53,2.69
217518,9,66.452,51.74,3.31
217518,10,56.498,60.09,3.85
217518,11,46.67,64.19,3.22
217518,12,37.85,68.6,3.64
217536,1,31.586,69.23,2.66
217536,2,32.162,64.52,2.88
217536,3,37.22,60.74,3.48
217536,4,46.058,59.03,3.51
217536,5,55.616,61.91,2.8
217536,6,64.886,58.64,3.35
217536,7,72.212,54.33,2.77
217536,8,72.266,51.53,2.69
217536,9,66.452,51.74,3.31
217536,10,56.498,60.09,3.85
217536,11,46.67,64.19,3.22
217536,12,37.85,68.6,3.64
217633,1,40.658,52.07,3.23
217633,2,44.204,56.7,3.6
217633,3,51.98,54.52,3.54
217633,4,60.872,50.01,3.11
217633,5,69.44,52.29,3.28
217633,6,77.522,53.29,3.71
217633,7,80.762,56.88,3.73
217633,8,79.754,53.34,3.54
217633,9,73.49,46.63,3.37
217633,10,62.402,43.03,2.88
217633,11,51.134,44.2,3.23
217633,12,44.024,54.75,4.23
217688,1,48.2,55.52,1.98
217688,2,51.494,57.85,2.99
217688,3,57.704,53.18,2.71
217688,4,65.516,46.48,2.72
217688,5,73.58,48.34,2.98
217688,6,79.772,53.57,4.68
217688,7,82.022,53.29,4.74
217688,8,81.14,57.62,5.5
217688,9,76.532,53.64,3.96
217688,10,68,45.22,3.38
217688,11,57.866,46.3,2.31
217688,12,52.196,57.63,2.95
217721,1,43.07,52.28,2.48
217721,2,46.544,56.49,3.17
217721,3,54.086,54.25,3.03
217721,4,63.176,50.41,2.6
217721,5,71.942,53.7,3.04
217721,6,79.286,54.19,3.96
217721,7,82.238,57.92,3.83
217721,8,80.996,56.08,3.76
217721,9,75.236,49.21,3.22
217721,10,64.868,43.77,2.62
217721,11,53.618,44.34,2.57
217721,12,46.652,54.1,3.5
217776,1,40.658,52.07,3.23
217776,2,44.204,56.7,3.6
217776,3,51.98,54.52,3.54
217776,4,60.872,50.01,3.11
217776,5,69.44,52.29,3.28
217776,6,77.522,53.29,3.71
217776,7,80.762,56.88,3.73
217776,8,79.754,53.34,3.54
217776,9,73.49,46.63,3.37
217776,10,62.402,43.03,2.88
217776,11,51.134,44.2,3.23
217776,12,44.024,54.75,4.23
217819,1,48.2,67.66,1.98
217819,2,51.494,69.54,2.99
217819,3,57.704,60.26,2.71
217819,4,65.516,47.67,2.72
217819,5,73.58,48.61,2.98
217819,6,79.772,56.51,4.68
217819,7,82.022,58.35,4.74
217819,8,81.14,60.21,5.5
217819,9,76.532,57.79,3.96
217819,10,68,50.48,3.38
217819,11,57.866,54.84,2.31
217819,12,52.196,66.72,2.95
217864,1,48.2,67.66,1.98
217864,2,51.494,69.54,2.99
217864,3,57.704,60.26,2.71
217864,4,65.516,47.67,2.72
217864,5,73.58,48.61,2.98
217864,6,79.772,56.51,4.68
217864,7,82.022,58.35,4.74
217864,8,81.14,60.21,5.5
217864,9,76.532,57.79,3.96
217864,10,68,50.48,3.38
217864,11,57.866,54.84,2.31
217864,12,52.196,66.72,2.95
217873,1,44.726,51.24,2.23
217873,2,48.29,55.49,3.15
217873,3,55.526,52.18,2.82
217873,4,64.256,47.33,2.65
217873,5,72.842,50.57,3.15
217873,6,79.556,53.44,4.31
217873,7,82.166,53.76,4.41
217873,8,80.924,55.4,4.32
217873,9,75.794,49.89,3.36
217873,10,66.056,43.05,2.8
217873,11,55.058,42.59,2.35
217873,12,48.488,52.16,3.15
217882,1,39.83,52.07,3.68
217882,2,43.322,56.7,4.13
217882,3,51.17,54.52,3.8
217882,4,59.828,50.01,3.52
217882,5,68.216,52.29,3.62
217882,6,76.298,53.29,3.88
217882,7,79.43,56.88,4.01
217882,8,78.656,53.34,3.77
217882,9,72.374,46.63,3.57
217882,10,61.322,43.03,3.22
217882,11,50.234,44.2,3.59
217882,12,43.07,54.75,4.66
217907,1,42.134,51.94,2.22
217907,2,45.464,56.22,2.9
217907,3,53.042,53.82,2.71
217907,4,62.726,50.17,2.62
217907,5,71.672,53.27,3.28
217907,6,79.358,55.02,3.88
217907,7,82.112,57.18,4.05
217907,8,80.852,55.46,3.94
217907,9,75.038,49.79,3.71
217907,10,64.31,43.87,2.74
217907,11,52.988,43.69,2.65
217907,12,45.896,53.41,3.25
217998,1,40.658,52.07,3.23
217998,2,44.204,56.7,3.6
217998,3,51.98,54.52,3.54
217998,4,60.872,50.01,3.11
217998,5,69.44,52.29,3.28
217998,6,77.522,53.29,3.71
217998,7,80.762,56.88,3.73
217998,8,79.754,53.34,3.54
217998,9,73.49,46.63,3.37
217998,10,62.402,43.03,2.88
217998,11,51.134,44.2,3.23
217998,12,44.024,54.75,4.23
218061,1,44.204,52.07,2
218061,2,47.534,55.92,3.04
218061,3,54.536,53.2,2.76
218061,4,63.482,48.99,2.69
218061,5,72.176,52.49,3.34
218061,6,79.268,54.4,4.33
218061,7,81.59,54.82,4.67
218061,8,80.294,54.13,5.07
218061,9,75.002,50.56,4.47
218061,10,65.336,44.71,3.23
218061,11,54.572,43.79,2.77
218061,12,48.128,53.03,3.09
218229,1,42.548,52.07,2.69
218229,2,46.112,56.7,3.28
218229,3,53.708,54.52,3.26
218229,4,62.636,50.01,2.63
218229,5,71.402,52.29,2.9
218229,6,78.962,53.29,3.73
218229,7,81.968,56.88,3.52
218229,8,80.744,53.34,3.49
218229,9,74.732,46.63,3.01
218229,10,64.166,43.03,2.44
218229,11,52.898,44.2,2.71
218229,12,46.004,54.75,3.72
218238,1,39.236,53.39,2.93
218238,2,42.71,57.7,3.16
218238,3,50.432,56.91,3.34
218238,4,59.756,53.45,3.25
218238,5,68.522,57.18,3.44
218238,6,76.658,56.13,3.66
218238,7,80.024,59.99,3.73
218238,8,79.07,56.09,3.6
218238,9,72.626,51.32,3.43
218238,10,61.394,46.07,2.84
218238,11,50.054,46.02,3.15
218238,12,42.782,56.63,3.85
218414,1,41.162,52.28,2.82
218414,2,44.708,56.49,3.2
218414,3,52.358,54.25,3.31
218414,4,61.52,50.41,2.83
218414,5,70.286,53.7,3.1
218414,6,78.224,54.19,3.53
218414,7,81.374,57.92,3.45
218414,8,80.204,56.08,3.39
218414,9,73.868,49.21,3.09
218414,10,62.888,43.77,2.59
218414,11,51.584,44.34,2.91
218414,12,44.528,54.1,3.79
218441,1,37.814,56.31,3.36
218441,2,41.072,60.01,3.63
218441,3,48.776,59.24,3.55
218441,4,57.794,55.14,3.55
218441,5,66.218,57.54,3.72
218441,6,74.138,57.9,3.87
218441,7,77.36,59.95,4.11
218441,8,76.532,56.79,3.81
218441,9,70.322,51.39,3.78
218441,10,59.432,46.64,3.17
218441,11,48.47,47.55,3.48
218441,12,41.36,59.16,4.3
218539,1,41.162,52.28,2.82
218539,2,44.708,56.49,3.2
218539,3,52.358,54.25,3.31
218539,4,61.52,50.41,2.83
218539,5,70.286,53.7,3.1
218539,6,78.224,54.19,3.53
218539,7,81.374,57.92,3.45
218539,8,80.204,56.08,3.39
218539,9,73.868,49.21,3.09
218539,10,62.888,43.77,2.59
218539,11,51.584,44.34,2.91
218539,12,44.528,54.1,3.79
218645,1,44.042,51.08,2.56
218645,2,47.606,55.4,3.35
218645,3,55.094,52.04,3.19
218645,4,63.77,47.55,2.62
218645,5,72.608,51.44,2.88
218645,6,79.61,53.27,4.07
218645,7,82.652,54.65,3.8
218645,8,81.41,55.27,3.71
218645,9,75.992,48.12,3
218645,10,65.876,42.43,2.31
218645,11,54.626,42.2,2.5
218645,12,47.696,52.57,3.57
218654,1,47.498,55.52,2.05
218654,2,51.35,57.85,2.84
218654,3,58.172,53.18,2.63
218654,4,66.416,46.48,2.51
218654,5,74.588,48.34,2.85
218654,6,80.384,53.57,4.69
218654,7,82.706,53.29,4.4
218654,8,81.59,57.62,4.89
218654,9,76.73,53.64,3.24
218654,10,67.802,45.22,2.78
218654,11,57.452,46.3,1.98
218654,12,51.458,57.63,2.72
218663,1,43.07,51.08,2.48
218663,2,46.544,55.4,3.17
218663,3,54.086,52.04,3.03
218663,4,63.176,47.55,2.6
218663,5,71.942,51.44,3.04
218663,6,79.286,53.27,3.96
218663,7,82.238,54.65,3.83
218663,8,80.996,55.27,3.76
218663,9,75.236,48.12,3.22
218663,10,64.868,42.43,2.62
218663,11,53.618,42.2,2.57
218663,12,46.652,52.57,3.5
218724,1,46.166,53.42,2.07
218724,2,49.01,57.12,3.13
218724,3,55.166,52.98,2.9
218724,4,63.356,47.07,2.69
218724,5,71.762,49.24,3.4
218724,6,78.854,54.04,4.44
218724,7,81.23,53.46,4.96
218724,8,80.15,55.78,5.62
218724,9,75.398,52.47,5.3
218724,10,66.452,44.09,3.42
218724,11,56.264,43.98,2.95
218724,12,50.144,53.67,3.11
218742,1,39.236,52.28,2.93
218742,2,42.71,56.49,3.16
218742,3,50.432,54.25,3.34
218742,4,59.756,50.41,3.25
218742,5,68.522,53.7,3.44
218742,6,76.658,54.19,3.66
218742,7,80.024,57.92,3.73
218742,8,79.07,56.08,3.6
218742,9,72.626,49.21,3.43
218742,10,61.394,43.77,2.84
218742,11,50.054,44.34,3.15
218742,12,42.782,54.1,3.85
218964,1,39.812,52.28,2.64
218964,2,43.322,56.49,2.89
218964,3,50.972,54.25,3.13
218964,4,60.512,50.41,3.02
218964,5,69.332,53.7,3.28
218964,6,77.432,54.19,3.54
218964,7,80.708,57.92,3.51
218964,8,79.61,56.08,3.45
218964,9,73.274,49.21,3.14
218964,10,62.006,43.77,2.52
218964,11,50.576,44.34,2.89
218964,12,43.448,54.1,3.51
218973,1,39.236,52.28,2.93
218973,2,42.71,56.49,3.16
218973,3,50.432,54.25,3.34
218973,4,59.756,50.41,3.25
218973,5,68.522,53.7,3.44
218973,6,76.658,54.19,3.66
218973,7,80.024,57.92,3.73
218973,8,79.07,56.08,3.6
218973,9,72.626,49.21,3.43
218973,10,61.394,43.77,2.84
218973,11,50.054,44.34,3.15
218973,12,42.782,54.1,3.85
219000,1,18.176,64.34,0.4
219000,2,21.002,62.79,0.65
219000,3,34.718,65.88,1.11
219000,4,47.12,60.19,2.41
219000,5,59.036,61.53,2.9
219000,6,70.16,54.63,3.55
219000,7,76.136,44.31,2.4
219000,8,72.698,47.39,2.67
219000,9,64.256,44.44,2.56
219000,10,48.02,54.22,1.78
219000,11,34.844,58.31,0.77
219000,12,22.316,66.53,0.73
219259,1,15.512,63.91,0.37
219259,2,18.302,62.27,0.56
219259,3,32.306,65.54,0.84
219259,4,45.05,61.23,1.7
219259,5,57.434,60.45,2.69
219259,6,68.81,53.86,3.24
219259,7,75.722,45.04,2.42
219259,8,72.266,45.96,2.16
219259,9,62.582,48.65,2.01
219259,10,45.932,57.94,1.57
219259,11,32.522,61.21,0.5
219259,12,19.868,66.57,0.61
219356,1,15.278,63.43,0.39
219356,2,17.96,62.09,0.61
219356,3,32.054,67.66,1.03
219356,4,44.798,60.73,1.98
219356,5,57.02,61.89,2.71
219356,6,68.054,56.02,3.43
219356,7,74.048,44.65,2.58
219356,8,70.502,47.96,2.59
219356,9,62.006,46.49,2.55
219356,10,45.842,56.26,1.74
219356,11,32.756,60.39,0.63
219356,12,20.012,66.21,0.66
219602,1,34.952,63.95,2.95
219602,2,38.156,67.49,4.2
219602,3,47.876,62.5,3.71
219602,4,58.172,57,4.37
219602,5,66.974,59.05,4.32
219602,6,75.146,50.74,3.26
219602,7,78.8,52.63,3.77
219602,8,78.602,50.27,3.02
219602,9,71.762,45.26,2.94
219602,10,59.432,48.19,3.46
219602,11,47.192,52.38,3.41
219602,12,38.642,63.72,3.89
219709,1,36.14,65.16,3.3
219709,2,39.614,68.53,4.58
219709,3,48.794,62.87,3.71
219709,4,58.622,56.82,4.25
219709,5,67.298,58.53,4.16
219709,6,75.326,50.81,3.4
219709,7,78.944,52.19,4
219709,8,78.836,50.37,3.29
219709,9,72.266,45.63,3.07
219709,10,60.152,48.55,3.26
219709,11,48.02,51.95,3.33
219709,12,39.812,64.56,4.08
219806,1,36.284,67.71,3.41
219806,2,39.848,70.04,4.29
219806,3,48.092,64.88,3.55
219806,4,57.47,58.51,3.94
219806,5,66.056,60.66,3.35
219806,6,73.868,55.92,3.67
219806,7,77.036,59.88,4.5
219806,8,76.73,54.1,3.04
219806,9,70.898,49.07,3.28
219806,10,59.306,50.41,2.67
219806,11,47.732,53.24,3.34
219806,12,40.082,67.82,3.99
219833,1,38.912,58.64,3.21
219833,2,42.458,64.27,4.35
219833,3,51.8,59.53,4.32
219833,4,61.34,54.08,4.54
219833,5,70.016,55.37,4.45
219833,6,78.512,47.3,3.19
219833,7,82.112,48.99,3.38
219833,8,82.076,45.73,2.82
219833,9,75.398,41.79,2.71
219833,10,62.942,44.43,3.64
219833,11,50.792,48.96,3.57
219833,12,42.224,59.55,4.44
219976,1,36.14,65.16,3.3
219976,2,39.614,68.53,4.58
219976,3,48.794,62.87,3.71
219976,4,58.622,56.82,4.25
219976,5,67.298,58.53,4.16
219976,6,75.326,50.81,3.4
219976,7,78.944,52.19,4
219976,8,78.836,50.37,3.29
219976,9,72.266,45.63,3.07
219976,10,60.152,48.55,3.26
219976,11,48.02,51.95,3.33
219976,12,39.812,64.56,4.08
220075,1,33.836,68.55,2.76
220075,2,37.202,70.36,3.37
220075,3,45.464,64.99,3.07
220075,4,55.202,59.56,3.61
220075,5,63.752,62.8,3.35
220075,6,71.6,60.07,3.46
220075,7,74.804,62.31,4.18
220075,8,74.48,57.4,3.16
220075,9,68.63,49.95,2.88
220075,10,57.056,51.45,2.51
220075,11,45.428,54.35,2.75
220075,12,37.814,68.14,3.16
220516,1,31.316,68.55,2.66
220516,2,34.322,70.36,3.01
220516,3,42.188,64.99,2.99
220516,4,52.052,59.56,3.71
220516,5,60.44,62.8,3.68
220516,6,67.838,60.07,3.66
220516,7,70.808,62.31,4.11
220516,8,70.358,57.4,3.53
220516,9,64.616,49.95,3.37
220516,10,53.528,51.45,2.93
220516,11,42.53,54.35,2.87
220516,12,35.24,68.14,3.12
220604,1,38.912,57.43,3.21
220604,2,42.458,62.27,4.35
220604,3,51.8,58.58,4.32
220604,4,61.34,53.85,4.54
220604,5,70.016,55.21,4.45
220604,6,78.512,46.15,3.19
220604,7,82.112,47.43,3.38
220604,8,82.076,44.67,2.82
220604,9,75.398,40.4,2.71
220604,10,62.942,43.78,3.64
220604,11,50.792,48.79,3.57
220604,12,42.224,58.85,4.44
220613,1,38.462,64.01,3.53
220613,2,42.35,67.91,4.33
220613,3,50.684,62.92,3.8
220613,4,59.594,56.65,3.83
220613,5,68.234,57.51,3.72
220613,6,76.28,54.95,3.53
220613,7,79.538,60.15,4.09
220613,8,79.088,54.53,3.09
220613,9,72.878,48.71,3.61
220613,10,61.124,47.75,2.88
220613,11,49.478,50.84,3.64
220613,12,41.846,64.5,4.51
220631,1,34.538,67.71,3.19
220631,2,37.94,70.04,4.17
220631,3,46.544,64.88,3.46
220631,4,56.408,58.51,3.93
220631,5,65.138,60.66,3.28
220631,6,73.058,55.92,3.57
220631,7,76.298,59.88,4.45
220631,8,75.92,54.1,2.88
220631,9,69.98,49.07,3.07
220631,10,58.1,50.41,2.6
220631,11,46.274,53.24,3.14
220631,12,38.372,67.82,3.76
220710,1,36.284,61.16,3.41
220710,2,39.848,65.18,4.29
220710,3,48.092,62.15,3.55
220710,4,57.47,57.05,3.94
220710,5,66.056,58.72,3.35
220710,6,73.868,57.3,3.67
220710,7,77.036,59.97,4.5
220710,8,76.73,54.72,3.04
220710,9,70.898,49.56,3.28
220710,10,59.306,47.5,2.67
220710,11,47.732,49.11,3.34
220710,12,40.082,62.99,3.99
220862,1,38.912,58.64,3.21
220862,2,42.458,64.27,4.35
220862,3,51.8,59.53,4.32
220862,4,61.34,54.08,4.54
220862,5,70.016,55.37,4.45
220862,6,78.512,47.3,3.19
220862,7,82.112,48.99,3.38
220862,8,82.076,45.73,2.82
220862,9,75.398,41.79,2.71
220862,10,62.942,44.43,3.64
220862,11,50.792,48.96,3.57
220862,12,42.224,59.55,4.44
220978,1,36.284,63.33,3.42
220978,2,39.83,68.14,4.66
220978,3,48.83,61.64,3.74
220978,4,58.568,55.87,4.2
220978,5,67.226,57.3,4.06
220978,6,75.218,51.18,3.55
220978,7,78.656,53.68,4.27
220978,8,78.458,50.56,3.29
220978,9,72.14,45.88,3.11
220978,10,60.188,47.47,3.06
220978,11,48.164,50.91,3.43
220978,12,39.992,63.44,4.2
221351,1,38.912,58.64,3.21
221351,2,42.458,64.27,4.35
221351,3,51.8,59.53,4.32
221351,4,61.34,54.08,4.54
221351,5,70.016,55.37,4.45
221351,6,78.512,47.3,3.19
221351,7,82.112,48.99,3.38
221351,8,82.076,45.73,2.82
221351,9,75.398,41.79,2.71
221351,10,62.942,44.43,3.64
221351,11,50.792,48.96,3.57
221351,12,42.224,59.55,4.44
221519,1,37.22,64.14,3.6
221519,2,40.964,68.54,4.55
221519,3,49.37,62.63,3.85
221519,4,58.28,56.43,4.01
221519,5,66.74,57.69,3.75
221519,6,74.624,53.26,3.46
221519,7,77.954,55.58,3.97
221519,8,77.72,51.48,3.11
221519,9,71.582,47.56,3.4
221519,10,59.864,47.14,2.94
221519,11,48.236,50.78,3.59
221519,12,40.64,64.6,4.58
221759,1,36.284,61.16,3.41
221759,2,39.848,65.18,4.29
221759,3,48.092,62.15,3.55
221759,4,57.47,57.05,3.94
221759,5,66.056,58.72,3.35
221759,6,73.868,57.3,3.67
221759,7,77.036,59.97,4.5
221759,8,76.73,54.72,3.04
221759,9,70.898,49.56,3.28
221759,10,59.306,47.5,2.67
221759,11,47.732,49.11,3.34
221759,12,40.082,62.99,3.99
221768,1,35.186,62.54,2.87
221768,2,38.336,67,4.05
221768,3,48.398,61.41,3.91
221768,4,58.712,56.26,4.23
221768,5,67.55,59.39,4.28
221768,6,75.65,49.93,3.08
221768,7,78.854,50.81,3.45
221768,8,79.124,48.6,2.66
221768,9,72.608,43.94,2.82
221768,10,59.954,47.54,3.43
221768,11,47.624,51.45,3.57
221768,12,38.696,62.14,4.04
221847,1,35.654,66.91,3.54
221847,2,39.092,70.04,4.79
221847,3,47.93,64.29,3.82
221847,4,57.578,58.29,4.35
221847,5,66.11,59.75,4.03
221847,6,73.94,52.63,3.69
221847,7,77.198,54.32,4.49
221847,8,76.856,49.95,3.23
221847,9,70.772,47.89,3.24
221847,10,59.144,50.14,2.96
221847,11,47.462,53.01,3.63
221847,12,39.416,67.35,4.37
221892,1,36.14,65.16,3.3
221892,2,39.614,68.53,4.58
221892,3,48.794,62.87,3.71
221892,4,58.622,56.82,4.25
221892,5,67.298,58.53,4.16
221892,6,75.326,50.81,3.4
221892,7,78.944,52.19,4
221892,8,78.836,50.37,3.29
221892,9,72.266,45.63,3.07
221892,10,60.152,48.55,3.26
221892,11,48.02,51.95,3.33
221892,12,39.812,64.56,4.08
221953,1,33.242,68.55,2.89
221953,2,36.392,70.36,3.29
221953,3,44.312,64.99,3.16
221953,4,53.852,59.56,3.67
221953,5,62.132,62.8,3.61
221953,6,69.584,60.07,3.67
221953,7,72.572,62.31,4.28
221953,8,72.122,57.4,3.5
221953,9,66.236,49.95,3.43
221953,10,55.364,51.45,2.8
221953,11,44.384,54.35,3.02
221953,12,37.112,68.14,3.45
221971,1,37.202,60.23,3.35
221971,2,40.694,66.15,4.68
221971,3,50.09,60.82,4.32
221971,4,59.756,55.71,4.57
221971,5,68.414,56.94,4.55
221971,6,76.406,48,3.52
221971,7,79.952,50.56,3.69
221971,8,79.952,48.21,3.22
221971,9,73.382,42.9,3.24
221971,10,61.214,45.6,3.55
221971,11,49.046,49.3,3.57
221971,12,40.694,60.86,4.42
221999,1,36.14,65.16,3.3
221999,2,39.614,68.53,4.58
221999,3,48.794,62.87,3.71
221999,4,58.622,56.82,4.25
221999,5,67.298,58.53,4.16
221999,6,75.326,50.81,3.4
221999,7,78.944,52.19,4
221999,8,78.836,50.37,3.29
221999,9,72.266,45.63,3.07
221999,10,60.152,48.55,3.26
221999,11,48.02,51.95,3.33
221999,12,39.812,64.56,4.08
222178,1,43.124,44.91,0.86
222178,2,46.832,50.58,1.16
222178,3,56.606,49.18,1.61
222178,4,65.444,45.68,1.71
222178,5,73.742,48.31,2.9
222178,6,81.302,38.44,2.7
222178,7,84.2,36.47,1.99
222178,8,83.786,38.53,2.19
222178,9,75.956,38.28,2.66
222178,10,64.94,35.82,2.24
222178,11,53.546,40.27,1.29
222178,12,44.15,47.38,0.9
222831,1,44.87,45.62,0.73
222831,2,49.01,49.83,0.92
222831,3,58.244,49.15,1.34
222831,4,66.902,44.39,1.29
222831,5,74.84,47.11,2.52
222831,6,81.842,37.77,2.11
222831,7,83.768,36.74,1.61
222831,8,83.408,37.91,2.23
222831,9,76.154,40.45,2.45
222831,10,65.966,35.91,2.1
222831,11,54.68,40.01,1.11
222831,12,45.734,46.68,0.74
222983,1,42.134,48.95,1.74
222983,2,46.022,56.83,2.29
222983,3,55.418,55.74,2.74
222983,4,63.932,53.78,2.91
222983,5,72.266,56.63,4.09
222983,6,80.78,45.54,3.34
222983,7,85.136,40.85,1.98
222983,8,85.316,41.09,2.19
222983,9,77.468,38.34,2.68
222983,10,65.588,40.66,3.23
222983,11,54.14,44.05,1.93
222983,12,44.258,50.9,1.96
223232,1,46.688,51.13,2.13
223232,2,50.468,57.13,2.26
223232,3,58.856,55.75,2.89
223232,4,66.506,54.42,2.74
223232,5,74.372,56.6,3.65
223232,6,82.04,42.46,3.14
223232,7,85.1,39.96,1.7
223232,8,86.396,38.43,2.1
223232,9,79.322,41.07,2.62
223232,10,68.558,39.6,3.61
223232,11,57.686,45.71,2.12
223232,12,48.848,51.91,2.1
224004,1,48.038,53.33,1.69
224004,2,51.89,59.47,1.38
224004,3,60.098,58.61,2.3
224004,4,68.018,57.41,2.21
224004,5,75.146,57.37,3.6
224004,6,81.914,43.74,2.64
224004,7,84.362,41.1,1.88
224004,8,85.46,38.38,2.01
224004,9,78.314,43.92,2.8
224004,10,68.792,39.39,2.86
224004,11,58.334,47.54,1.73
224004,12,49.73,53.85,1.38
224147,1,58.982,63.47,1.19
224147,2,62.258,63.29,1
224147,3,67.55,58.76,1.4
224147,4,73.94,56.8,1.38
224147,5,79.268,49.39,2.55
224147,6,83.84,35.45,2.47
224147,7,84.344,37.89,2.51
224147,8,85.172,33.75,1.76
224147,9,82.112,46.12,4.65
224147,10,76.568,39.15,2
224147,11,68.234,48.98,1.47
224147,12,61.268,62.69,1.18
224226,1,44.654,50.09,2.02
224226,2,48.434,57.14,2.42
224226,3,57.326,55.31,2.92
224226,4,65.354,52.68,2.77
224226,5,73.544,54.88,3.63
224226,6,81.77,43.65,3.21
224226,7,85.586,41.36,1.69
224226,8,86.288,38.47,1.98
224226,9,78.8,37.99,2.61
224226,10,67.244,38.94,3.48
224226,11,56.048,45,1.95
224226,12,46.76,51.99,2.04
224323,1,43.556,50.09,1.87
224323,2,47.426,57.14,2.36
224323,3,56.57,55.31,2.84
224323,4,64.868,52.68,2.75
224323,5,73.148,54.88,3.75
224323,6,81.572,43.65,3.21
224323,7,85.694,41.36,1.79
224323,8,86.108,38.47,2.01
224323,9,78.404,37.99,2.56
224323,10,66.65,38.94,3.29
224323,11,55.274,45,1.91
224323,12,45.698,51.99,1.96
224527,1,44.654,54.25,3.07
224527,2,48.452,61.38,3.93
224527,3,57.002,58.39,3.92
224527,4,64.832,54.47,3.44
224527,5,73.256,56.1,3.75
224527,6,81.302,48.01,3.5
224527,7,84.236,46.07,2.94
224527,8,84.56,44.6,2.45
224527,9,78.116,41.21,2.9
224527,10,66.776,40.54,3.73
224527,11,55.598,48.19,3
224527,12,47.138,55.87,3.67
225247,1,43.124,44.91,0.86
225247,2,46.832,50.58,1.16
225247,3,56.606,49.18,1.61
225247,4,65.444,45.68,1.71
225247,5,73.742,48.31,2.9
225247,6,81.302,38.44,2.7
225247,7,84.2,36.47,1.99
225247,8,83.786,38.53,2.19
225247,9,75.956,38.28,2.66
225247,10,64.94,35.82,2.24
225247,11,53.546,40.27,1.29
225247,12,44.15,47.38,0.9
225399,1,52.376,58.79,2.9
225399,2,56.282,63.88,2.16
225399,3,62.888,59.51,2.52
225399,4,69.62,57.41,2.77
225399,5,76.838,51.22,3.6
225399,6,82.454,44.18,4.33
225399,7,83.336,46.61,3.93
225399,8,84.092,44.3,4.39
225399,9,79.502,44.02,4.59
225399,10,71.618,35.86,4.03
225399,11,62.276,46.62,2.97
225399,12,54.95,59.19,3
225511,1,52.376,58.79,2.9
225511,2,56.282,63.88,2.16
225511,3,62.888,59.51,2.52
225511,4,69.62,57.41,2.77
225511,5,76.838,51.22,3.6
225511,6,82.454,44.18,4.33
225511,7,83.336,46.61,3.93
225511,8,84.092,44.3,4.39
225511,9,79.502,44.02,4.59
225511,10,71.618,35.86,4.03
225511,11,62.276,46.62,2.97
225511,12,54.95,59.19,3
225548,1,45.536,48.56,1.48
225548,2,49.262,53.9,1.55
225548,3,58.208,53.19,2.16
225548,4,66.38,51.22,2.11
225548,5,73.814,54.22,3.3
225548,6,81.086,41.29,2.9
225548,7,84.146,38.52,1.7
225548,8,84.56,38.82,1.85
225548,9,77.27,39.62,2.5
225548,10,66.902,37.62,2.75
225548,11,55.976,43.02,1.5
225548,12,46.832,49.87,1.14
225627,1,50.216,55.23,1.58
225627,2,54.392,59.88,1.26
225627,3,62.222,60.62,1.98
225627,4,69.962,60.2,2.08
225627,5,76.838,59.77,3.21
225627,6,82.706,46.17,2.36
225627,7,84.11,44.23,2.29
225627,8,85.316,40.59,1.99
225627,9,78.854,46.4,3.18
225627,10,70.358,41.36,2.53
225627,11,60.242,49.62,1.64
225627,12,51.926,54.73,1.44
226091,1,51.134,58.17,3.66
226091,2,55.022,65.3,2.91
226091,3,61.862,61.32,3.08
226091,4,68.9,58.87,3.35
226091,5,76.352,56.06,4.03
226091,6,82.202,47.97,5.28
226091,7,83.174,48.62,4.4
226091,8,83.894,45.46,5.42
226091,9,79.304,45.36,5.34
226091,10,70.79,39.37,4.67
226091,11,61.214,48.66,3.47
226091,12,53.834,58.49,3.88
226152,1,55.832,54.82,0.77
226152,2,61.142,55.33,0.6
226152,3,68.936,54.17,1.21
226152,4,76.532,52.76,1.28
226152,5,82.22,48.44,2.21
226152,6,86.846,38.28,1.86
226152,7,86.558,40.99,1.99
226152,8,87.566,34.7,1.43
226152,9,81.608,43.57,3.75
226152,10,74.948,35.3,1.41
226152,11,65.372,42.69,0.93
226152,12,57.272,51.82,0.89
226231,1,44.492,54.25,2.86
226231,2,48.29,61.38,3.64
226231,3,56.804,58.39,3.76
226231,4,64.742,54.47,3.29
226231,5,73.202,56.1,3.85
226231,6,81.266,48.01,3.48
226231,7,84.524,46.07,2.68
226231,8,85.226,44.6,2.35
226231,9,78.53,41.21,2.84
226231,10,67.1,40.54,3.8
226231,11,55.832,48.19,2.75
226231,12,47.048,55.87,3.47
226383,1,40.226,41.82,0.54
226383,2,43.844,47.25,0.61
226383,3,53.51,45.85,1.03
226383,4,62.294,40.2,1.05
226383,5,71.33,42.8,1.95
226383,6,80.078,37.94,2.06
226383,7,82.346,37.43,1.86
226383,8,81.248,38.81,1.74
226383,9,73.058,37.85,2.3
226383,10,61.592,36.15,1.47
226383,11,49.766,37.01,0.84
226383,12,40.784,45.07,0.56
226471,1,47.66,51.13,1.8
226471,2,51.404,57.13,1.7
226471,3,59.774,55.75,2.43
226471,4,67.604,54.42,2.18
226471,5,75.002,56.6,3.51
226471,6,82.256,42.46,2.78
226471,7,85.028,39.96,1.79
226471,8,86,38.43,1.97
226471,9,78.962,41.07,2.7
226471,10,68.828,39.6,3.1
226471,11,58.28,45.71,1.82
226471,12,49.496,51.91,1.47
226587,1,43.124,44.91,0.86
226587,2,46.832,50.58,1.16
226587,3,56.606,49.18,1.61
226587,4,65.444,45.68,1.71
226587,5,73.742,48.31,2.9
226587,6,81.302,38.44,2.7
226587,7,84.2,36.47,1.99
226587,8,83.786,38.53,2.19
226587,9,75.956,38.28,2.66
226587,10,64.94,35.82,2.24
226587,11,53.546,40.27,1.29
226587,12,44.15,47.38,0.9
227368,1,59.81,57.3,0.82
227368,2,64.328,57.35,0.76
227368,3,70.61,57.99,0.94
227368,4,77.396,55.9,1.11
227368,5,82.346,48.7,1.9
227368,6,86.072,36.58,2.42
227368,7,85.82,37.76,2.28
227368,8,86.702,33.4,1.46
227368,9,82.472,43.38,4.2
227368,10,77.432,35.54,1.82
227368,11,68.738,44.17,1.33
227368,12,61.592,55.23,0.99
227526,1,50.072,57.05,2.52
227526,2,54.014,63.48,2.16
227526,3,61.502,60,2.63
227526,4,68.756,57,2.72
227526,5,76.406,56.13,3.7
227526,6,82.67,46.73,3.47
227526,7,83.858,46.64,2.74
227526,8,85.172,44.12,3.18
227526,9,79.484,44.29,3.29
227526,10,70.592,38.9,3.78
227526,11,60.386,48.42,2.78
227526,12,52.502,58.05,2.61
227757,1,52.376,58.79,2.9
227757,2,56.282,63.88,2.16
227757,3,62.888,59.51,2.52
227757,4,69.62,57.41,2.77
227757,5,76.838,51.22,3.6
227757,6,82.454,44.18,4.33
227757,7,83.336,46.61,3.93
227757,8,84.092,44.3,4.39
227757,9,79.502,44.02,4.59
227757,10,71.618,35.86,4.03
227757,11,62.276,46.62,2.97
227757,12,54.95,59.19,3
227845,1,49.82,53.33,1.89
227845,2,53.762,59.47,1.48
227845,3,61.646,58.61,2.26
227845,4,69.278,57.41,2.16
227845,5,76.622,57.37,3.46
227845,6,83.21,43.74,2.51
227845,7,85.082,41.1,2.09
227845,8,86.324,38.38,2.07
227845,9,79.718,43.92,3.04
227845,10,70.61,39.39,2.96
227845,11,60.314,47.54,1.98
227845,12,51.908,53.85,1.7
227863,1,52.376,58.79,2.9
227863,2,56.282,63.88,2.16
227863,3,62.888,59.51,2.52
227863,4,69.62,57.41,2.77
227863,5,76.838,51.22,3.6
227863,6,82.454,44.18,4.33
227863,7,83.336,46.61,3.93
227863,8,84.092,44.3,4.39
227863,9,79.502,44.02,4.59
227863,10,71.618,35.86,4.03
227863,11,62.276,46.62,2.97
227863,12,54.95,59.19,3
227881,1,48.884,57.05,2.9
227881,2,52.844,63.48,2.71
227881,3,60.512,60,2.92
227881,4,67.838,57,2.9
227881,5,75.776,56.13,3.9
227881,6,82.13,46.73,4.06
227881,7,83.498,46.64,2.98
227881,8,84.578,44.12,3.44
227881,9,78.998,44.29,3.44
227881,10,69.53,38.9,4.03
227881,11,59.27,48.42,3.2
227881,12,51.35,58.05,3.17
228042,1,47.426,49.8,1.29
228042,2,51.512,53.84,1.08
228042,3,59.486,53.69,1.85
228042,4,67.118,52.32,1.89
228042,5,73.742,53.5,3.43
228042,6,79.916,41.06,2.23
228042,7,81.68,39.51,2.03
228042,8,82.436,39.96,1.8
228042,9,76.082,43.2,2.88
228042,10,67.352,39.39,2.35
228042,11,57.038,44.42,1.46
228042,12,48.722,50.04,1.06
228149,1,50.216,55.23,1.58
228149,2,54.392,59.88,1.26
228149,3,62.222,60.62,1.98
228149,4,69.962,60.2,2.08
228149,5,76.838,59.77,3.21
228149,6,82.706,46.17,2.36
228149,7,84.11,44.23,2.29
228149,8,85.316,40.59,1.99
228149,9,78.854,46.4,3.18
228149,10,70.358,41.36,2.53
228149,11,60.242,49.62,1.64
228149,12,51.926,54.73,1.44
228343,1,48.722,53.33,1.86
228343,2,52.592,59.47,1.58
228343,3,60.692,58.61,2.35
228343,4,68.396,57.41,2.11
228343,5,75.776,57.37,3.57
228343,6,82.76,43.74,2.6
228343,7,85.1,41.1,1.92
228343,8,86.252,38.38,2.02
228343,9,79.412,43.92,2.89
228343,10,69.746,39.39,3.07
228343,11,59.252,47.54,1.96
228343,12,50.666,53.85,1.59
228431,1,46.76,56.53,3.39
228431,2,50.684,62.69,3.75
228431,3,58.73,59.1,3.83
228431,4,66.272,55.89,3.25
228431,5,74.498,56.94,3.62
228431,6,81.59,48.14,4.11
228431,7,83.606,47.34,3.12
228431,8,84.272,45.45,3.2
228431,9,78.224,44.2,3.26
228431,10,67.784,40.54,3.91
228431,11,57.218,48.69,3.42
228431,12,49.172,58.06,3.78
228459,1,49.064,57.21,1.73
228459,2,53.042,61.76,1.33
228459,3,60.944,61.69,2.28
228459,4,68.774,59.54,2.29
228459,5,75.758,57.05,3.59
228459,6,82.166,43.84,2.5
228459,7,84.092,42.45,2.12
228459,8,85.316,39.25,2.26
228459,9,78.476,45.1,3
228459,10,69.512,38.53,2.92
228459,11,59.288,48.56,1.77
228459,12,50.882,57.23,1.49
228501,1,44.348,39.7,0.44
228501,2,48.866,42.71,0.35
228501,3,56.858,40.86,0.4
228501,4,64.868,35.45,0.42
228501,5,72.644,34.3,0.89
228501,6,79.556,35.41,1.39
228501,7,78.62,41.93,1.97
228501,8,77.774,43,1.79
228501,9,71.798,39.87,1.83
228501,10,63.914,30.91,1.04
228501,11,52.772,32.3,0.58
228501,12,44.996,38.37,0.36
228529,1,44.906,46.35,1.57
228529,2,48.452,52.73,1.87
228529,3,57.542,51.3,2.32
228529,4,65.75,48.91,2.38
228529,5,73.634,51.81,3.4
228529,6,81.158,41.02,3.14
228529,7,84.542,38.05,1.67
228529,8,84.92,39.36,2.08
228529,9,77.432,38.52,2.53
228529,10,66.578,37.24,2.99
228529,11,55.634,41.58,1.66
228529,12,46.436,48.59,1.28
228705,1,56.984,63.47,1.11
228705,2,61.502,63.29,0.91
228705,3,68.198,58.76,1.45
228705,4,75.272,56.8,1.39
228705,5,80.78,49.39,2.68
228705,6,85.028,35.45,2.68
228705,7,84.956,37.89,2.55
228705,8,85.946,33.75,1.75
228705,9,81.554,46.12,4.17
228705,10,75.398,39.15,1.84
228705,11,66.416,48.98,1.4
228705,12,58.82,62.69,1.18
228723,1,48.794,55.7,2.51
228723,2,52.628,61.35,2.35
228723,3,60.458,59.43,2.8
228723,4,67.874,56.55,2.68
228723,5,75.776,55.16,3.83
228723,6,82.508,44.37,3.43
228723,7,84.254,43.04,2.32
228723,8,85.712,41.37,2.9
228723,9,79.52,43.85,3
228723,10,69.908,38.58,3.8
228723,11,59.36,47.46,2.76
228723,12,51.206,54.97,2.69
228769,1,44.654,47.84,2.02
228769,2,48.434,55.24,2.42
228769,3,57.326,53.32,2.92
228769,4,65.354,51.76,2.77
228769,5,73.544,54.49,3.63
228769,6,81.77,42.47,3.21
228769,7,85.586,39.1,1.69
228769,8,86.288,38.27,1.98
228769,9,78.8,38.51,2.61
228769,10,67.244,38.26,3.48
228769,11,56.048,43.06,1.95
228769,12,46.76,50.37,2.04
228778,1,48.722,53.33,1.86
228778,2,52.592,59.47,1.58
228778,3,60.692,58.61,2.35
228778,4,68.396,57.41,2.11
228778,5,75.776,57.37,3.57
228778,6,82.76,43.74,2.6
228778,7,85.1,41.1,1.92
228778,8,86.252,38.38,2.02
228778,9,79.412,43.92,2.89
228778,10,69.746,39.39,3.07
228778,11,59.252,47.54,1.96
228778,12,50.666,53.85,1.59
228787,1,43.556,50.09,1.87
228787,2,47.426,57.14,2.36
228787,3,56.57,55.31,2.84
228787,4,64.868,52.68,2.75
228787,5,73.148,54.88,3.75
228787,6,81.572,43.65,3.21
228787,7,85.694,41.36,1.79
228787,8,86.108,38.47,2.01
228787,9,78.404,37.99,2.56
228787,10,66.65,38.94,3.29
228787,11,55.274,45,1.91
228787,12,45.698,51.99,1.96
228802,1,44.492,52.16,2.86
228802,2,48.29,60.01,3.64
228802,3,56.804,57.24,3.76
228802,4,64.742,53.91,3.29
228802,5,73.202,56.16,3.85
228802,6,81.266,45.56,3.48
228802,7,84.524,43.1,2.68
228802,8,85.226,40.6,2.35
228802,9,78.53,39.93,2.84
228802,10,67.1,40.23,3.8
228802,11,55.832,48.34,2.75
228802,12,47.048,54.68,3.47
228875,1,44.276,47.84,1.73
228875,2,47.966,55.24,2.11
228875,3,57.128,53.32,2.6
228875,4,65.516,51.76,2.62
228875,5,73.868,54.49,3.53
228875,6,81.95,42.47,3.16
228875,7,85.784,39.1,1.68
228875,8,86.198,38.27,1.98
228875,9,78.278,38.51,2.66
228875,10,66.83,38.26,3.11
228875,11,55.562,43.06,1.82
228875,12,46.112,50.37,1.54
228981,1,50.702,57.21,1.63
228981,2,54.86,61.76,1.28
228981,3,62.546,61.69,2.18
228981,4,70.214,59.54,2.23
228981,5,77.144,57.05,3.33
228981,6,83.138,43.84,2.47
228981,7,84.56,42.45,2.29
228981,8,85.946,39.25,2.27
228981,9,79.394,45.1,3.14
228981,10,70.952,38.53,2.66
228981,11,60.944,48.56,1.64
228981,12,52.628,57.23,1.47
229018,1,42.98,42.57,0.56
229018,2,47.318,45.8,0.61
229018,3,56.804,42.81,0.8
229018,4,65.588,36.64,0.82
229018,5,74.426,36.1,1.47
229018,6,82.49,38.04,1.54
229018,7,83.48,40.73,1.43
229018,8,83.012,40.36,1.55
229018,9,75.452,35.52,1.97
229018,10,64.868,31.55,1.39
229018,11,52.574,34.08,0.79
229018,12,43.592,43.8,0.55
229027,1,50.216,55.23,1.58
229027,2,54.392,59.88,1.26
229027,3,62.222,60.62,1.98
229027,4,69.962,60.2,2.08
229027,5,76.838,59.77,3.21
229027,6,82.706,46.17,2.36
229027,7,84.11,44.23,2.29
229027,8,85.316,40.59,1.99
229027,9,78.854,46.4,3.18
229027,10,70.358,41.36,2.53
229027,11,60.242,49.62,1.64
229027,12,51.926,54.73,1.44
229063,1,52.376,58.79,2.9
229063,2,56.282,63.88,2.16
229063,3,62.888,59.51,2.52
229063,4,69.62,57.41,2.77
229063,5,76.838,51.22,3.6
229063,6,82.454,44.18,4.33
229063,7,83.336,46.61,3.93
229063,8,84.092,44.3,4.39
229063,9,79.502,44.02,4.59
229063,10,71.618,35.86,4.03
229063,11,62.276,46.62,2.97
229063,12,54.95,59.19,3
229115,1,40.226,41.82,0.54
229115,2,43.844,47.25,0.61
229115,3,53.51,45.85,1.03
229115,4,62.294,40.2,1.05
229115,5,71.33,42.8,1.95
229115,6,80.078,37.94,2.06
229115,7,82.346,37.43,1.86
229115,8,81.248,38.81,1.74
229115,9,73.058,37.85,2.3
229115,10,61.592,36.15,1.47
229115,11,49.766,37.01,0.84
229115,12,40.784,45.07,0.56
229267,1,50.216,55.23,1.58
229267,2,54.392,59.88,1.26
229267,3,62.222,60.62,1.98
229267,4,69.962,60.2,2.08
229267,5,76.838,59.77,3.21
229267,6,82.706,46.17,2.36
229267,7,84.11,44.23,2.29
229267,8,85.316,40.59,1.99
229267,9,78.854,46.4,3.18
229267,10,70.358,41.36,2.53
229267,11,60.242,49.62,1.64
229267,12,51.926,54.73,1.44
229814,1,37.634,44.62,0.47
229814,2,40.73,50.4,0.56
229814,3,50.486,47.8,1.01
229814,4,59.072,43.07,1.07
229814,5,68.486,44.63,1.87
229814,6,78.35,40.54,2.34
229814,7,81.572,39.13,1.92
229814,8,79.574,42.27,2.43
229814,9,71.582,38.38,1.64
229814,10,58.856,37.29,1.68
229814,11,47.102,37.86,0.62
229814,12,37.958,48.34,0.46
230038,1,24.926,59.58,1.82
230038,2,29.336,63.53,1.65
230038,3,38.138,63.33,1.74
230038,4,44.816,61.88,2.09
230038,5,55.202,56.4,1.73
230038,6,66.776,37.21,0.91
230038,7,76.424,38.54,0.61
230038,8,73.742,39,0.83
230038,9,63.752,34.55,1.27
230038,10,49.262,44.51,1.43
230038,11,36.572,54.69,1.53
230038,12,24.908,63.16,2.19
230764,1,23.828,59.58,1.77
230764,2,27.716,63.53,1.59
230764,3,36.932,63.33,1.75
230764,4,43.34,61.88,2.19
230764,5,53.456,56.4,1.87
230764,6,64.634,37.21,1
230764,7,74.732,38.54,0.53
230764,8,72.086,39,0.78
230764,9,62.006,34.55,1.26
230764,10,47.714,44.51,1.47
230764,11,35.348,54.69,1.54
230764,12,24.188,63.16,2.08
230959,1,16.754,76.61,1.87
230959,2,18.608,76.65,2.22
230959,3,28.4,70.02,2.29
230959,4,41.792,68.46,2.81
230959,5,54.734,69.43,3.17
230959,6,63.518,66.16,4.19
230959,7,68.522,60.82,3.61
230959,8,66.848,58.48,3.16
230959,9,59.846,55.73,2.85
230959,10,46.976,70.25,3.61
230959,11,34.934,73.74,2.52
230959,12,23.504,80.19,2.85
230995,1,15.386,79.12,1.99
230995,2,17.006,73.82,2.34
230995,3,26.15,69.57,2.38
230995,4,39.578,69.7,2.94
230995,5,52.376,69.7,3.29
230995,6,61.268,67.03,4.25
230995,7,66.362,61.2,3.75
230995,8,64.544,59.07,3.27
230995,9,57.65,57.01,2.91
230995,10,45.104,70.76,3.77
230995,11,33.296,75.3,2.67
230995,12,22.172,81.01,3.04
231059,1,15.782,76.61,1.79
231059,2,17.978,76.65,2.05
231059,3,28.112,70.02,2.16
231059,4,41.738,68.46,2.86
231059,5,55.202,69.43,3.3
231059,6,64.418,66.16,4.26
231059,7,69.836,60.82,3.53
231059,8,68.144,58.48,3.22
231059,9,60.944,55.73,2.88
231059,10,47.498,70.25,3.64
231059,11,34.862,73.74,2.5
231059,12,22.712,80.19,2.67
231420,1,36.158,54.95,2.39
231420,2,39.434,58.04,2.58
231420,3,47.462,57.35,2.98
231420,4,57.866,54,3.08
231420,5,66.56,60.44,3.55
231420,6,75.038,56.66,3.85
231420,7,79.07,60.42,3.68
231420,8,77.846,56.1,3.46
231420,9,71.186,51.96,3.72
231420,10,59.306,48.22,3.02
231420,11,47.696,46.88,3.09
231420,12,40.082,58.11,3.03
231581,1,29.408,60.95,1.92
231581,2,31.928,61.51,2.22
231581,3,40.406,60.88,2.39
231581,4,51.854,59.63,3.09
231581,5,61.448,63.59,3.69
231581,6,70.052,57.71,3.66
231581,7,74.534,57.72,3.27
231581,8,73.454,55.64,3.03
231581,9,66.452,52.1,3.46
231581,10,53.996,52.86,2.8
231581,11,42.368,54.02,2.46
231581,12,33.368,61.59,2.48
231624,1,36.32,58.82,2.33
231624,2,39.11,59.84,2.44
231624,3,46.562,57.44,2.76
231624,4,57.308,54.39,2.96
231624,5,66.632,56.85,3.37
231624,6,75.686,56.06,3.94
231624,7,80.06,54.79,3.95
231624,8,78.422,53.93,4.4
231624,9,71.924,51.61,4.04
231624,10,60.584,49.74,3.42
231624,11,49.046,50.47,2.77
231624,12,40.964,58.77,3
231712,1,39.524,58.82,2.37
231712,2,41.324,59.84,2.56
231712,3,47.336,57.44,2.75
231712,4,57.146,54.39,2.93
231712,5,66.326,56.85,3.16
231712,6,75.578,56.06,3.76
231712,7,79.898,54.79,4.24
231712,8,78.728,53.93,4.45
231712,9,73.418,51.61,4.34
231712,10,63.554,49.74,3.35
231712,11,52.628,50.47,2.74
231712,12,44.726,58.77,2.95
232025,1,31.622,62.95,2.47
232025,2,34.484,65.95,3
232025,3,42.692,62.85,2.92
232025,4,52.88,58.77,3.6
232025,5,61.394,63.34,3.59
232025,6,68.9,60.3,3.52
232025,7,72.14,61.93,4.05
232025,8,71.762,57.46,3.13
232025,9,66.092,53.31,2.9
232025,10,54.626,51.47,2.67
232025,11,43.268,51.64,2.55
232025,12,35.582,64.32,2.85
232043,1,29.408,60.95,1.92
232043,2,31.928,61.51,2.22
232043,3,40.406,60.88,2.39
232043,4,51.854,59.63,3.09
232043,5,61.448,63.59,3.69
232043,6,70.052,57.71,3.66
232043,7,74.534,57.72,3.27
232043,8,73.454,55.64,3.03
232043,9,66.452,52.1,3.46
232043,10,53.996,52.86,2.8
232043,11,42.368,54.02,2.46
232043,12,33.368,61.59,2.48
232089,1,32.954,56.36,2.37
232089,2,35.798,60.62,2.6
232089,3,44.006,59.06,2.82
232089,4,54.662,55.47,3.3
232089,5,63.464,61.15,3.8
232089,6,71.456,57.17,3.75
232089,7,75.308,59.73,3.58
232089,8,74.282,56.91,3.24
232089,9,67.802,52.46,3.69
232089,10,56.048,48.52,3.08
232089,11,44.672,47.77,2.87
232089,12,36.752,59.73,2.89
232186,1,31.208,60.59,2.11
232186,2,33.476,60.69,2.38
232186,3,42.116,59.52,2.6
232186,4,53.762,58.53,3.12
232186,5,63.68,61.2,3.88
232186,6,72.878,56.22,3.85
232186,7,78.044,55.58,3.5
232186,8,76.802,54.27,3.06
232186,9,69.458,51.71,3.6
232186,10,56.588,52.09,3.2
232186,11,44.636,53.02,2.58
232186,12,35.456,60.62,2.81
232256,1,35.438,56.56,2.37
232256,2,38.588,58.26,2.52
232256,3,46.67,58.46,2.96
232256,4,57.416,56.34,2.95
232256,5,66.344,61.3,3.61
232256,6,74.984,56.19,3.68
232256,7,79.178,56.98,3.63
232256,8,77.702,56.61,3.47
232256,9,70.808,52.96,3.71
232256,10,58.802,50.18,3.14
232256,11,47.264,49.19,3.07
232256,12,39.416,58.06,3.09
232423,1,29.408,60.95,1.92
232423,2,31.928,61.51,2.22
232423,3,40.406,60.88,2.39
232423,4,51.854,59.63,3.09
232423,5,61.448,63.59,3.69
232423,6,70.052,57.71,3.66
232423,7,74.534,57.72,3.27
232423,8,73.454,55.64,3.03
232423,9,66.452,52.1,3.46
232423,10,53.996,52.86,2.8
232423,11,42.368,54.02,2.46
232423,12,33.368,61.59,2.48
232557,1,32.468,59.32,2.3
232557,2,35.222,60.89,2.5
232557,3,43.628,59.68,2.8
232557,4,54.626,57.46,3.23
232557,5,63.734,63.26,3.73
232557,6,72.14,57.69,3.54
232557,7,76.424,59.25,3.37
232557,8,75.308,57.99,3.03
232557,9,68.45,51.99,3.61
232557,10,56.174,50.87,3.1
232557,11,44.636,50.91,2.94
232557,12,36.302,61.07,2.95
232566,1,35.006,56.56,2.35
232566,2,37.94,58.26,2.45
232566,3,46.094,58.46,2.84
232566,4,57.056,56.34,2.94
232566,5,66.362,61.3,3.62
232566,6,75.362,56.19,3.6
232566,7,79.556,56.98,3.49
232566,8,77.954,56.61,3.74
232566,9,70.79,52.96,3.73
232566,10,58.802,50.18,3.19
232566,11,47.192,49.19,2.99
232566,12,39.056,58.06,3.06
232609,1,32.468,59.32,2.3
232609,2,35.222,60.89,2.5
232609,3,43.628,59.68,2.8
232609,4,54.626,57.46,3.23
232609,5,63.734,63.26,3.73
232609,6,72.14,57.69,3.54
232609,7,76.424,59.25,3.37
232609,8,75.308,57.99,3.03
232609,9,68.45,51.99,3.61
232609,10,56.174,50.87,3.1
232609,11,44.636,50.91,2.94
232609,12,36.302,61.07,2.95
232681,1,32.9,60.59,2.09
232681,2,35.294,60.69,2.37
232681,3,43.718,59.52,2.58
232681,4,55.076,58.53,3.12
232681,5,64.796,61.2,3.86
232681,6,73.958,56.22,3.88
232681,7,78.71,55.58,3.44
232681,8,77.252,54.27,3.31
232681,9,70.034,51.71,3.61
232681,10,57.65,52.09,3.19
232681,11,45.896,53.02,2.66
232681,12,37.04,60.62,2.82
232706,1,32.198,60.59,2.16
232706,2,34.34,60.69,2.49
232706,3,42.494,59.52,2.7
232706,4,53.888,58.53,3.07
232706,5,63.752,61.2,3.53
232706,6,73.112,56.22,3.94
232706,7,78.422,55.58,3.75
232706,8,77.234,54.27,3.53
232706,9,70.358,51.71,3.57
232706,10,57.92,52.09,3.38
232706,11,46.13,53.02,2.67
232706,12,36.95,60.62,3.06
232937,1,39.524,55.6,2.37
232937,2,41.324,56.74,2.56
232937,3,47.336,55.89,2.75
232937,4,57.146,52.55,2.93
232937,5,66.326,54.62,3.16
232937,6,75.578,54.89,3.76
232937,7,79.898,53.7,4.24
232937,8,78.728,53.01,4.45
232937,9,73.418,52.58,4.34
232937,10,63.554,47.28,3.35
232937,11,52.628,47.12,2.74
232937,12,44.726,55.98,2.95
232982,1,39.524,55.6,2.37
232982,2,41.324,56.74,2.56
232982,3,47.336,55.89,2.75
232982,4,57.146,52.55,2.93
232982,5,66.326,54.62,3.16
232982,6,75.578,54.89,3.76
232982,7,79.898,53.7,4.24
232982,8,78.728,53.01,4.45
232982,9,73.418,52.58,4.34
232982,10,63.554,47.28,3.35
232982,11,52.628,47.12,2.74
232982,12,44.726,55.98,2.95
233277,1,31.586,67.95,2.36
233277,2,34.268,68.86,2.71
233277,3,42.404,65.18,2.85
233277,4,52.88,60.47,3.47
233277,5,61.502,65.41,3.78
233277,6,69.134,60.65,3.59
233277,7,72.788,60.69,3.86
233277,8,72.068,59.12,3.17
233277,9,65.966,54.43,3.37
233277,10,54.338,54.32,2.95
233277,11,43.124,55.78,2.65
233277,12,35.312,68.58,2.82
233295,1,34.394,57.25,2.2
233295,2,37.022,58.21,2.4
233295,3,45.194,58.19,2.69
233295,4,56.336,55.98,3.07
233295,5,65.876,59.28,3.71
233295,6,74.966,55.84,3.83
233295,7,79.484,54.66,3.43
233295,8,77.864,54.25,3.71
233295,9,70.718,52.13,3.69
233295,10,58.694,50.09,3.21
233295,11,47.066,49.15,2.81
233295,12,38.588,57.9,2.95
233374,1,35.42,57.25,2.37
233374,2,38.354,58.21,2.47
233374,3,46.238,58.19,2.84
233374,4,57.182,55.98,3
233374,5,66.578,59.28,3.58
233374,6,75.65,55.84,3.76
233374,7,80.006,54.66,3.62
233374,8,78.386,54.25,4.04
233374,9,71.456,52.13,3.87
233374,10,59.594,50.09,3.21
233374,11,47.858,49.15,2.95
233374,12,39.704,57.9,3.08
233426,1,30.992,67.95,2.21
233426,2,33.638,68.86,2.55
233426,3,41.936,65.18,2.72
233426,4,52.88,60.47,3.3
233426,5,61.844,65.41,3.74
233426,6,69.764,60.65,3.51
233426,7,73.76,60.69,3.52
233426,8,73.04,59.12,2.76
233426,9,66.632,54.43,3.21
233426,10,54.482,54.32,2.84
233426,11,43.052,55.78,2.56
233426,12,34.826,68.58,2.74
233541,1,30.164,69.85,2
233541,2,32.378,68.64,2.27
233541,3,41.198,65.43,2.48
233541,4,52.934,64.11,3.03
233541,5,62.888,64.8,3.84
233541,6,71.852,60.08,3.69
233541,7,76.676,57.89,3.46
233541,8,75.29,57.17,2.93
233541,9,67.982,54.48,3.46
233541,10,55.346,58.82,2.84
233541,11,43.646,61.51,2.44
233541,12,34.268,71.58,2.58
233611,1,32.468,59.32,2.3
233611,2,35.222,60.89,2.5
233611,3,43.628,59.68,2.8
233611,4,54.626,57.46,3.23
233611,5,63.734,63.26,3.73
233611,6,72.14,57.69,3.54
233611,7,76.424,59.25,3.37
233611,8,75.308,57.99,3.03
233611,9,68.45,51.99,3.61
233611,10,56.174,50.87,3.1
233611,11,44.636,50.91,2.94
233611,12,36.302,61.07,2.95
233897,1,32.018,68.55,2.6
233897,2,34.916,70.36,3.31
233897,3,43.34,64.99,3.01
233897,4,53.492,59.56,3.59
233897,5,62.114,62.8,3.39
233897,6,69.674,60.07,3.48
233897,7,72.896,62.31,4.13
233897,8,72.536,57.4,2.99
233897,9,66.866,49.95,2.67
233897,10,55.292,51.45,2.46
233897,11,43.754,54.35,2.53
233897,12,35.924,68.14,3.03
233921,1,31.586,67.95,2.36
233921,2,34.268,68.86,2.71
233921,3,42.404,65.18,2.85
233921,4,52.88,60.47,3.47
233921,5,61.502,65.41,3.78
233921,6,69.134,60.65,3.59
233921,7,72.788,60.69,3.86
233921,8,72.068,59.12,3.17
233921,9,65.966,54.43,3.37
233921,10,54.338,54.32,2.95
233921,11,43.124,55.78,2.65
233921,12,35.312,68.58,2.82
234030,1,35.42,57.25,2.37
234030,2,38.354,58.21,2.47
234030,3,46.238,58.19,2.84
234030,4,57.182,55.98,3
234030,5,66.578,59.28,3.58
234030,6,75.65,55.84,3.76
234030,7,80.006,54.66,3.62
234030,8,78.386,54.25,4.04
234030,9,71.456,52.13,3.87
234030,10,59.594,50.09,3.21
234030,11,47.858,49.15,2.95
234030,12,39.704,57.9,3.08
234076,1,32,60.95,2.09
234076,2,34.628,61.51,2.34
234076,3,43.088,60.88,2.6
234076,4,54.302,59.63,3.09
234076,5,63.698,63.59,3.64
234076,6,72.428,57.71,3.54
234076,7,76.802,57.72,3.2
234076,8,75.56,55.64,3.19
234076,9,68.414,52.1,3.64
234076,10,56.192,52.86,3.07
234076,11,44.654,54.02,2.78
234076,12,35.942,61.59,2.77
234085,1,29.57,59.32,2.21
234085,2,32.126,60.89,2.47
234085,3,40.496,59.68,2.7
234085,4,51.692,57.46,3.32
234085,5,60.944,63.26,3.72
234085,6,69.044,57.69,3.53
234085,7,73.256,59.25,3.35
234085,8,72.482,57.99,2.96
234085,9,65.858,51.99,3.45
234085,10,53.618,50.87,2.94
234085,11,42.188,50.91,2.74
234085,12,33.53,61.07,2.84
234155,1,36.698,57.25,2.44
234155,2,39.794,58.21,2.5
234155,3,47.39,58.19,2.96
234155,4,58.118,55.98,2.93
234155,5,67.1,59.28,3.4
234155,6,75.938,55.84,4.01
234155,7,79.934,54.66,3.95
234155,8,78.368,54.25,4.26
234155,9,71.654,52.13,4.15
234155,10,60.242,50.09,3.14
234155,11,48.866,49.15,2.91
234155,12,41.072,57.9,3.09
234173,1,39.524,55.6,2.37
234173,2,41.324,56.74,2.56
234173,3,47.336,55.89,2.75
234173,4,57.146,52.55,2.93
234173,5,66.326,54.62,3.16
234173,6,75.578,54.89,3.76
234173,7,79.898,53.7,4.24
234173,8,78.728,53.01,4.45
234173,9,73.418,52.58,4.34
234173,10,63.554,47.28,3.35
234173,11,52.628,47.12,2.74
234173,12,44.726,55.98,2.95
234207,1,29.57,59.32,2.21
234207,2,32.126,60.89,2.47
234207,3,40.496,59.68,2.7
234207,4,51.692,57.46,3.32
234207,5,60.944,63.26,3.72
234207,6,69.044,57.69,3.53
234207,7,73.256,59.25,3.35
234207,8,72.482,57.99,2.96
234207,9,65.858,51.99,3.45
234207,10,53.618,50.87,2.94
234207,11,42.188,50.91,2.74
234207,12,33.53,61.07,2.84
234827,1,26.798,76.22,2.87
234827,2,30.038,69.72,1.99
234827,3,36.23,72.92,2.01
234827,4,42.908,69.83,1.35
234827,5,52.43,64.77,1.25
234827,6,58.514,58.97,0.81
234827,7,66.488,35.6,0.26
234827,8,66.218,37.69,0.37
234827,9,58.082,46.87,0.71
234827,10,45.644,62.65,1.82
234827,11,34.034,74.05,2.74
234827,12,26.456,75.81,3.02
235316,1,26.834,78.95,2.31
235316,2,29.93,71.93,1.6
235316,3,37.436,74.45,2.07
235316,4,44.906,68.79,1.45
235316,5,54.95,62.28,1.57
235316,6,61.682,56.69,1.33
235316,7,70.898,30.36,0.36
235316,8,69.62,35.1,0.45
235316,9,60.044,46.13,0.68
235316,10,46.544,61.43,1.54
235316,11,34.862,76.4,2.29
235316,12,26.528,79.49,2.49
236230,1,37.508,80.22,7.21
236230,2,37.706,74.18,4.93
236230,3,41.432,78.66,5.59
236230,4,45.77,75.27,3.92
236230,5,52.646,70.45,2.71
236230,6,56.984,67.57,2.02
236230,7,62.906,46.54,0.62
236230,8,63.716,48.1,1.02
236230,9,58.766,53.47,2.29
236230,10,49.73,68.31,4.98
236230,11,41.702,77.15,7.66
236230,12,36.302,78.89,7.15
236328,1,39.884,80.22,5.6
236328,2,40.244,74.18,3.83
236328,3,43.988,78.66,4.46
236328,4,48.236,75.27,3.18
236328,5,55.04,70.45,2.27
236328,6,59.36,67.57,1.71
236328,7,64.706,46.54,0.62
236328,8,64.886,48.1,0.95
236328,9,59.72,53.47,1.94
236328,10,51.368,68.31,4.03
236328,11,43.988,77.15,6.27
236328,12,38.894,78.89,5.65
236452,1,39.38,80.22,8.36
236452,2,39.776,74.18,5.22
236452,3,43.25,78.66,6.45
236452,4,47.228,75.27,4.16
236452,5,53.51,70.45,2.54
236452,6,57.65,67.57,1.76
236452,7,62.51,46.54,0.63
236452,8,62.816,48.1,1.08
236452,9,58.586,53.47,2.43
236452,10,50.576,68.31,5.65
236452,11,43.286,77.15,8.93
236452,12,38.21,78.89,8.27
236595,1,39.884,80.22,5.6
236595,2,40.244,74.18,3.83
236595,3,43.988,78.66,4.46
236595,4,48.236,75.27,3.18
236595,5,55.04,70.45,2.27
236595,6,59.36,67.57,1.71
236595,7,64.706,46.54,0.62
236595,8,64.886,48.1,0.95
236595,9,59.72,53.47,1.94
236595,10,51.368,68.31,4.03
236595,11,43.988,77.15,6.27
236595,12,38.894,78.89,5.65
236939,1,29.39,77.47,2.63
236939,2,32.702,72.61,2.23
236939,3,39.722,74.31,2.54
236939,4,46.364,67.78,2.02
236939,5,55.67,61.55,2
236939,6,62.438,53.37,1.65
236939,7,72.374,29.25,0.4
236939,8,71.312,34.62,0.6
236939,9,62.384,43.97,0.78
236939,10,49.118,59.5,1.72
236939,11,37.292,73.19,2.5
236939,12,29.084,77.87,2.76
236948,1,39.884,80.22,5.6
236948,2,40.244,74.18,3.83
236948,3,43.988,78.66,4.46
236948,4,48.236,75.27,3.18
236948,5,55.04,70.45,2.27
236948,6,59.36,67.57,1.71
236948,7,64.706,46.54,0.62
236948,8,64.886,48.1,0.95
236948,9,59.72,53.47,1.94
236948,10,51.368,68.31,4.03
236948,11,43.988,77.15,6.27
236948,12,38.894,78.89,5.65
237057,1,30.524,78.83,2.69
237057,2,32.36,68.16,2.45
237057,3,38.03,68.99,2.66
237057,4,43.484,61.22,2.04
237057,5,52.232,56.11,1.99
237057,6,58.73,45.83,1.58
237057,7,68.234,25.52,0.35
237057,8,67.676,29.31,0.52
237057,9,59.558,39.49,0.77
237057,10,47.516,55.69,1.75
237057,11,37.076,70.41,2.58
237057,12,29.768,76.7,3.07
237066,1,23.99,78.95,2.6
237066,2,26.888,71.93,1.79
237066,3,35.186,74.45,2.29
237066,4,43.16,68.79,1.58
237066,5,53.582,62.28,1.67
237066,6,60.602,56.69,1.55
237066,7,70.808,30.36,0.44
237066,8,69.818,35.1,0.5
237066,9,59.54,46.13,0.76
237066,10,45.248,61.43,1.78
237066,11,32.972,76.4,2.69
237066,12,23.882,79.49,2.87
237181,1,27.734,78.85,2.39
237181,2,29.696,75.73,2.51
237181,3,38.84,70.27,2.67
237181,4,50.882,66.63,3.04
237181,5,61.16,67.31,3.22
237181,6,69.422,59.62,3.52
237181,7,74.174,55.71,3.09
237181,8,73.544,53.2,2.56
237181,9,66.578,51.28,2.76
237181,10,53.438,62.83,2.74
237181,11,41.414,66.33,2.35
237181,12,32.414,79.76,2.69
237215,1,29.912,73,2.37
237215,2,32.576,73.14,2.83
237215,3,40.82,67.85,2.86
237215,4,51.548,61.92,3.52
237215,5,60.242,66.18,3.82
237215,6,67.496,60.14,3.54
237215,7,70.97,62.92,4.01
237215,8,70.628,57.95,2.89
237215,9,64.976,53.17,2.87
237215,10,53.276,55.72,2.75
237215,11,42.008,57.92,2.47
237215,12,33.98,72.1,2.77
237312,1,31.802,76.8,2.45
237312,2,34.268,74.51,2.98
237312,3,43.538,69.01,2.94
237312,4,54.77,64.06,3.36
237312,5,64.166,65.67,3.8
237312,6,72.068,58.97,3.53
237312,7,76.172,60.26,4.05
237312,8,75.884,57.06,2.73
237312,9,69.35,51.48,2.8
237312,10,56.66,57.54,2.86
237312,11,44.546,60.8,2.52
237312,12,35.978,75.41,3.04
237330,1,29.912,73,2.37
237330,2,32.576,73.14,2.83
237330,3,40.82,67.85,2.86
237330,4,51.548,61.92,3.52
237330,5,60.242,66.18,3.82
237330,6,67.496,60.14,3.54
237330,7,70.97,62.92,4.01
237330,8,70.628,57.95,2.89
237330,9,64.976,53.17,2.87
237330,10,53.276,55.72,2.75
237330,11,42.008,57.92,2.47
237330,12,33.98,72.1,2.77
237358,1,27.536,68.26,2.71
237358,2,29.948,68.41,3
237358,3,38.534,66.12,2.95
237358,4,49.982,63.13,3.58
237358,5,59.522,67.61,4.04
237358,6,66.884,62.09,3.94
237358,7,70.574,61.14,4.17
237358,8,70.322,58.8,2.96
237358,9,64.634,54.07,2.96
237358,10,52.376,56.83,3.05
237358,11,41.018,58.36,2.61
237358,12,32.252,68.47,3.13
237367,1,27.986,78.37,2.69
237367,2,30.164,75.36,2.9
237367,3,39.02,70.09,2.81
237367,4,50.756,65.5,3.33
237367,5,60.566,66.28,3.74
237367,6,68.288,60.45,3.83
237367,7,72.428,58.75,3.85
237367,8,72.05,55.65,2.85
237367,9,65.894,51.63,2.88
237367,10,53.24,60.39,2.94
237367,11,41.63,64.42,2.48
237367,12,32.702,77.97,3.01
237525,1,31.766,74.14,2.36
237525,2,34.142,73.13,2.91
237525,3,43.628,67.6,2.91
237525,4,54.914,62.1,3.39
237525,5,64.436,64.69,3.7
237525,6,72.446,56.14,3.33
237525,7,76.712,57.48,3.77
237525,8,76.316,53.42,2.59
237525,9,69.584,48.6,2.76
237525,10,56.786,56.11,2.77
237525,11,44.528,58.86,2.43
237525,12,35.852,73.77,3
237792,1,29.192,65.16,2.23
237792,2,31.316,64.38,2.41
237792,3,40.118,62.59,2.68
237792,4,51.98,61.57,3.14
237792,5,62.24,63.32,3.77
237792,6,71.402,57.03,3.74
237792,7,76.784,54.22,3.45
237792,8,75.47,53.94,3.03
237792,9,68.126,51.8,3.73
237792,10,55.058,54.76,3.26
237792,11,43.16,57.46,2.57
237792,12,33.62,65.9,2.89
237899,1,31.802,76.8,2.45
237899,2,34.268,74.51,2.98
237899,3,43.538,69.01,2.94
237899,4,54.77,64.06,3.36
237899,5,64.166,65.67,3.8
237899,6,72.068,58.97,3.53
237899,7,76.172,60.26,4.05
237899,8,75.884,57.06,2.73
237899,9,69.35,51.48,2.8
237899,10,56.66,57.54,2.86
237899,11,44.546,60.8,2.52
237899,12,35.978,75.41,3.04
237932,1,27.734,78.85,2.39
237932,2,29.696,75.73,2.51
237932,3,38.84,70.27,2.67
237932,4,50.882,66.63,3.04
237932,5,61.16,67.31,3.22
237932,6,69.422,59.62,3.52
237932,7,74.174,55.71,3.09
237932,8,73.544,53.2,2.56
237932,9,66.578,51.28,2.76
237932,10,53.438,62.83,2.74
237932,11,41.414,66.33,2.35
237932,12,32.414,79.76,2.69
237969,1,27.536,78.12,2.71
237969,2,29.948,76.47,3
237969,3,38.534,70.29,2.95
237969,4,49.982,65.79,3.58
237969,5,59.522,68.67,4.04
237969,6,66.884,63,3.94
237969,7,70.574,63.12,4.17
237969,8,70.322,58.48,2.96
237969,9,64.634,54.54,2.96
237969,10,52.376,59.85,3.05
237969,11,41.018,62.23,2.61
237969,12,32.252,76.57,3.13
238032,1,27.986,77.75,2.69
238032,2,30.164,76.02,2.9
238032,3,39.02,70.66,2.81
238032,4,50.756,66.85,3.33
238032,5,60.566,68.41,3.74
238032,6,68.288,63.33,3.83
238032,7,72.428,59.95,3.85
238032,8,72.05,57.17,2.85
238032,9,65.894,54.5,2.88
238032,10,53.24,61.82,2.94
238032,11,41.63,65.61,2.48
238032,12,32.702,78.54,3.01
238078,1,27.734,78.85,2.39
238078,2,29.696,75.73,2.51
238078,3,38.84,70.27,2.67
238078,4,50.882,66.63,3.04
238078,5,61.16,67.31,3.22
238078,6,69.422,59.62,3.52
238078,7,74.174,55.71,3.09
238078,8,73.544,53.2,2.56
238078,9,66.578,51.28,2.76
238078,10,53.438,62.83,2.74
238078,11,41.414,66.33,2.35
238078,12,32.414,79.76,2.69
238333,1,19.58,66.99,1.32
238333,2,22.19,64.25,1.61
238333,3,34.628,63.23,1.99
238333,4,46.238,62.32,3.13
238333,5,57.704,63.27,3.6
238333,6,67.91,56.08,4.21
238333,7,72.5,47.94,3.28
238333,8,70.79,48.61,3.4
238333,9,63.32,47.03,3.08
238333,10,49.712,58.93,2.65
238333,11,37.112,64.06,1.88
238333,12,25.214,70.41,1.77
238458,1,19.85,68.36,1.29
238458,2,21.992,64.18,1.53
238458,3,33.692,63.51,1.89
238458,4,44.492,63.76,3.19
238458,5,55.598,63.42,3.51
238458,6,66.254,57.41,4.16
238458,7,72.5,48.36,3.05
238458,8,71.132,50.54,3.22
238458,9,63.644,48.51,3
238458,10,49.982,61.62,2.64
238458,11,37.49,66.37,1.82
238458,12,25.628,71.33,1.73
238476,1,20.948,76.42,1.35
238476,2,23.36,72.82,1.64
238476,3,34.988,74.68,2
238476,4,45.842,82.38,3.08
238476,5,56.768,85.19,3.65
238476,6,67.244,81.01,4.11
238476,7,73.058,72.68,3.24
238476,8,71.69,67.12,3.34
238476,9,64.346,58.51,3.12
238476,10,50.774,66.22,2.69
238476,11,38.246,69.89,1.89
238476,12,26.564,76.02,1.79
238616,1,18.896,75.78,1.21
238616,2,20.804,71.7,1.39
238616,3,32.396,70.04,1.8
238616,4,43.16,76.75,3.09
238616,5,54.356,80.05,3.41
238616,6,65.084,75.33,3.96
238616,7,71.636,67.61,2.88
238616,8,70.322,63.71,3.03
238616,9,62.834,60.13,2.79
238616,10,49.1,66.67,2.58
238616,11,36.716,70.69,1.75
238616,12,24.872,76.54,1.61
238661,1,17.816,67.65,1.17
238661,2,20.408,63.78,1.45
238661,3,33.584,62.36,1.89
238661,4,45.59,63.14,3.26
238661,5,57.38,64.17,3.5
238661,6,67.838,57.76,4.47
238661,7,72.572,48.23,3.28
238661,8,70.646,50.55,3.57
238661,9,62.942,48.75,3.11
238661,10,48.938,60.85,2.59
238661,11,36.104,65.78,1.87
238661,12,23.666,71.23,1.65
238980,1,18.446,75.78,1.12
238980,2,20.21,71.7,1.27
238980,3,31.694,70.04,1.74
238980,4,42.53,76.75,2.91
238980,5,53.87,80.05,3.3
238980,6,64.58,75.33,3.77
238980,7,71.348,67.61,2.84
238980,8,70.124,63.71,2.86
238980,9,62.618,60.13,2.69
238980,10,48.776,66.67,2.61
238980,11,36.482,70.69,1.72
238980,12,24.62,76.54,1.57
239017,1,17.546,67.08,1.1
239017,2,19.274,63.06,1.24
239017,3,30.92,62.13,1.73
239017,4,42.098,63.97,2.85
239017,5,53.726,63.62,3.29
239017,6,64.22,58.46,3.78
239017,7,70.916,47.59,2.88
239017,8,69.746,50.69,2.88
239017,9,62.33,51.29,2.84
239017,10,48.488,61.92,2.8
239017,11,36.212,67.31,1.77
239017,12,23.972,71.65,1.64
239071,1,18.626,68.36,1.22
239071,2,21.056,64.18,1.48
239071,3,33.728,63.51,1.93
239071,4,45.392,63.76,3.38
239071,5,57.11,63.42,3.42
239071,6,67.658,57.41,4.29
239071,7,72.824,48.36,3
239071,8,71.042,50.54,3.46
239071,9,63.356,48.51,2.97
239071,10,49.442,61.62,2.57
239071,11,36.662,66.37,1.88
239071,12,24.458,71.33,1.7
239318,1,19.85,75.78,1.29
239318,2,21.992,71.7,1.53
239318,3,33.692,70.04,1.89
239318,4,44.492,76.75,3.19
239318,5,55.598,80.05,3.51
239318,6,66.254,75.33,4.16
239318,7,72.5,67.61,3.05
239318,8,71.132,63.71,3.22
239318,9,63.644,60.13,3
239318,10,49.982,66.67,2.64
239318,11,37.49,70.69,1.82
239318,12,25.628,76.54,1.73
239512,1,14.648,69.49,1.03
239512,2,15.944,67.36,1.18
239512,3,27.572,65.36,1.43
239512,4,39.722,68.24,2.79
239512,5,51.332,70.25,3.24
239512,6,61.088,66.57,3.5
239512,7,67.712,57.88,3.15
239512,8,66.506,57.87,3.07
239512,9,59.288,59.4,3.08
239512,10,44.996,68.28,3.02
239512,11,32.648,73.72,1.74
239512,12,20.642,75.45,1.63
239628,1,16.34,68.36,1.05
239628,2,18.698,64.18,1.23
239628,3,31.766,63.51,1.74
239628,4,43.61,63.76,2.92
239628,5,55.652,63.42,3.46
239628,6,66.164,57.41,4.04
239628,7,71.816,48.36,2.86
239628,8,69.998,50.54,3.08
239628,9,62.294,48.51,2.8
239628,10,48.092,61.62,2.53
239628,11,35.366,66.37,1.64
239628,12,22.73,71.33,1.5
239716,1,17.546,67.08,1.1
239716,2,19.274,63.06,1.24
239716,3,30.92,62.13,1.73
239716,4,42.098,63.97,2.85
239716,5,53.726,63.62,3.29
239716,6,64.22,58.46,3.78
239716,7,70.916,47.59,2.88
239716,8,69.746,50.69,2.88
239716,9,62.33,51.29,2.84
239716,10,48.488,61.92,2.8
239716,11,36.212,67.31,1.77
239716,12,23.972,71.65,1.64
240189,1,18.626,66.92,1.22
240189,2,21.056,65.31,1.48
240189,3,33.728,64.4,1.93
240189,4,45.392,62.21,3.38
240189,5,57.11,63.46,3.42
240189,6,67.658,56.39,4.29
240189,7,72.824,48.32,3
240189,8,71.042,48.27,3.46
240189,9,63.356,47.14,2.97
240189,10,49.442,59.99,2.57
240189,11,36.662,64.44,1.88
240189,12,24.458,70.61,1.7
240268,1,12.11,63.55,0.75
240268,2,14.774,60.87,1.11
240268,3,29.336,62.35,1.56
240268,4,42.782,63.47,2.88
240268,5,55.094,63.4,3.67
240268,6,65.588,58,4.32
240268,7,71.132,47.24,3.29
240268,8,68.558,49.8,3.58
240268,9,60.728,49.57,3.24
240268,10,45.518,60.96,2.7
240268,11,32.306,66.18,1.36
240268,12,18.842,71.13,1.33
240329,1,14.792,65.34,0.85
240329,2,17.636,63.57,1.15
240329,3,31.928,63.63,1.67
240329,4,44.798,62.41,3.1
240329,5,56.894,64.16,3.94
240329,6,67.46,58.34,4.67
240329,7,72.824,48.68,3.25
240329,8,70.268,51.03,3.69
240329,9,62.312,47.39,3.42
240329,10,47.336,58.8,2.38
240329,11,34.268,64.08,1.42
240329,12,20.984,71.35,1.39
240338,1,19.85,68.36,1.29
240338,2,21.992,64.18,1.53
240338,3,33.692,63.51,1.89
240338,4,44.492,63.76,3.19
240338,5,55.598,63.42,3.51
240338,6,66.254,57.41,4.16
240338,7,72.5,48.36,3.05
240338,8,71.132,50.54,3.22
240338,9,63.644,48.51,3
240338,10,49.982,61.62,2.64
240338,11,37.49,66.37,1.82
240338,12,25.628,71.33,1.73
240365,1,16.34,67.08,1.05
240365,2,18.698,63.06,1.23
240365,3,31.766,62.13,1.74
240365,4,43.61,63.97,2.92
240365,5,55.652,63.62,3.46
240365,6,66.164,58.46,4.04
240365,7,71.816,47.59,2.86
240365,8,69.998,50.69,3.08
240365,9,62.294,51.29,2.8
240365,10,48.092,61.92,2.53
240365,11,35.366,67.31,1.64
240365,12,22.73,71.65,1.5
240374,1,20.948,76.42,1.35
240374,2,23.36,72.82,1.64
240374,3,34.988,74.68,2
240374,4,45.842,82.38,3.08
240374,5,56.768,85.19,3.65
240374,6,67.244,81.01,4.11
240374,7,73.058,72.68,3.24
240374,8,71.69,67.12,3.34
240374,9,64.346,58.51,3.12
240374,10,50.774,66.22,2.69
240374,11,38.246,69.89,1.89
240374,12,26.564,76.02,1.79
240417,1,12.11,63.55,0.7
240417,2,14.828,60.87,1.08
240417,3,29.534,62.35,1.55
240417,4,43.034,63.47,2.87
240417,5,55.22,63.4,3.59
240417,6,65.75,58,4.29
240417,7,71.204,47.24,3.3
240417,8,68.54,49.8,3.6
240417,9,60.728,49.57,3.25
240417,10,45.464,60.96,2.63
240417,11,32.27,66.18,1.32
240417,12,18.662,71.13,1.31
240426,1,11.444,62.88,0.64
240426,2,13.928,58.75,0.91
240426,3,27.482,61.99,1.32
240426,4,40.28,64.16,2.53
240426,5,51.944,64.95,3.04
240426,6,62.042,60.58,3.47
240426,7,68.936,50.76,3.02
240426,8,67.28,51.83,3.1
240426,9,59.432,55.58,2.83
240426,10,44.42,64.04,2.66
240426,11,31.334,69,1.25
240426,12,18.248,70.84,1.29
240453,1,19.85,75.78,1.29
240453,2,21.992,71.7,1.53
240453,3,33.692,70.04,1.89
240453,4,44.492,76.75,3.19
240453,5,55.598,80.05,3.51
240453,6,66.254,75.33,4.16
240453,7,72.5,67.61,3.05
240453,8,71.132,63.71,3.22
240453,9,63.644,60.13,3
240453,10,49.982,66.67,2.64
240453,11,37.49,70.69,1.82
240453,12,25.628,76.54,1.73
240462,1,18.77,65.43,0.99
240462,2,21.596,63.58,1.31
240462,3,34.88,64.29,1.77
240462,4,47.336,62.11,3.16
240462,5,58.838,63.94,3.52
240462,6,69.152,57.3,4.58
240462,7,73.418,48.72,3.6
240462,8,71.366,50.18,3.31
240462,9,63.68,45.86,3.25
240462,10,49.424,58.13,2.55
240462,11,36.572,63.58,1.79
240462,12,24.206,70.79,1.59
240471,1,12.074,63.32,0.68
240471,2,14.864,61.28,1.06
240471,3,29.678,64.32,1.51
240471,4,43.286,63.21,2.82
240471,5,55.49,63.72,3.58
240471,6,66.164,58.41,4.4
240471,7,71.528,47.08,3.22
240471,8,68.774,49.33,3.67
240471,9,60.782,49.4,3.21
240471,10,45.392,60.25,2.53
240471,11,32.126,65.18,1.25
240471,12,18.446,70.54,1.29
240480,1,13.838,65.56,0.94
240480,2,16.16,62,1.2
240480,3,29.948,61.11,1.73
240480,4,42.62,63.52,2.87
240480,5,55.004,63.94,3.49
240480,6,65.156,58.66,4.08
240480,7,70.286,48.3,2.93
240480,8,68,50.97,3.09
240480,9,60.494,51.1,3.09
240480,10,46.274,62.32,2.63
240480,11,33.458,67.89,1.65
240480,12,20.39,71.85,1.53
243744,1,46.904,58.43,2.84
243744,2,48.596,58.43,3.22
243744,3,51.206,57.6,2.48
243744,4,53.456,52.67,1.35
243744,5,58.154,51.02,0.46
243744,6,63.626,44.16,0.13
243744,7,67.352,55.89,0.01
243744,8,67.604,56.53,0.02
243744,9,66.92,45.72,0.1
243744,10,61.394,44.08,0.82
243744,11,53.06,49.55,1.77
243744,12,47.048,59.14,3.68
243780,1,25.592,73.45,2.08
243780,2,28.346,72.33,2.13
243780,3,39.47,65.5,2.35
243780,4,51.476,61.15,3.33
243780,5,62.024,63.5,3.57
243780,6,70.97,54.9,4.14
243780,7,74.21,48.68,3.54
243780,8,72.896,47.86,3.27
243780,9,66.434,44.47,2.58
243780,10,53.456,56.62,2.79
243780,11,40.964,62.13,2.44
243780,12,30.596,74.23,2.29
366711,1,51.764,41.03,1.75
366711,2,52.322,43.15,2.47
366711,3,55.58,42.87,1.13
366711,4,58.082,40.09,0.75
366711,5,62.798,43.31,0.3
366711,6,69.116,42.16,0.06
366711,7,76.064,34.69,0.19
366711,8,76.802,29.02,0.19
366711,9,74.138,27.95,0.23
366711,10,66.236,32.99,0.59
366711,11,58.37,35.51,0.99
366711,12,51.17,41.76,1.98
409698,1,52.304,47.91,2.76
409698,2,52.25,48.21,3.03
409698,3,53.186,46.25,2.27
409698,4,53.6,41.24,1.2
409698,5,55.49,34.62,0.46
409698,6,57.956,26.12,0.13
409698,7,59.864,30.59,0.03
409698,8,60.836,29.75,0.04
409698,9,61.484,26.36,0.15
409698,10,59.882,30.53,0.75
409698,11,55.976,38.19,1.59
409698,12,52.592,49.01,3.42
433660,1,62.726,43.56,1.56
433660,2,65.732,42.06,1.64
433660,3,69.17,39.25,1.64
433660,4,74.3,37.86,1.95
433660,5,78.818,40.95,3.46
433660,6,81.536,58.26,7.32
433660,7,82.526,59.12,6.42
433660,8,82.778,57.79,7.14
433660,9,80.816,55.93,6.51
433660,10,76.514,43.64,2.82
433660,11,69.854,36.67,1.64
433660,12,66.164,42.62,1.77
482149,1,44.042,51.08,2.56
482149,2,47.606,55.4,3.35
482149,3,55.094,52.04,3.19
482149,4,63.77,47.55,2.62
482149,5,72.608,51.44,2.88
482149,6,79.61,53.27,4.07
482149,7,82.652,54.65,3.8
482149,8,81.41,55.27,3.71
482149,9,75.992,48.12,3
482149,10,65.876,42.43,2.31
482149,11,54.626,42.2,2.5
482149,12,47.696,52.57,3.57
482680,1,38.786,54.7,3.79
482680,2,42.242,59.22,4.35
482680,3,50.126,56.85,3.93
482680,4,58.586,52.57,3.67
482680,5,66.812,53.96,3.73
482680,6,74.75,55.73,3.97
482680,7,77.9,58.87,4.11
482680,8,77.252,55.59,3.84
482680,9,71.042,48.45,3.62
482680,10,60.08,44.24,3.36
482680,11,49.172,45.42,3.69
482680,12,42.044,57.66,4.8
486840,1,40.406,58.26,3.44
486840,2,44.132,63.21,4.18
486840,3,51.944,59.62,3.83
486840,4,60.26,53.81,3.33
486840,5,68.738,54.3,3.29
486840,6,76.586,54.17,3.62
486840,7,79.754,56.55,3.9
486840,8,79.232,53.09,3.27
486840,9,73.31,47.41,3.18
486840,10,62.258,44.9,2.85
486840,11,50.882,47.44,3.31
486840,12,43.7,61.61,4.29
487524,1,16.592,70.77,2.39
487524,2,18.626,68.98,2.59
487524,3,28.256,64.87,2.68
487524,4,40.982,66.14,3.42
487524,5,52.592,67.02,3.18
487524,6,61.592,66.12,3.99
487524,7,67.82,61.89,2.9
487524,8,66.92,56.3,3.22
487524,9,60.026,53.15,3.11
487524,10,47.93,61.58,4.59
487524,11,35.978,66.03,3.9
487524,12,24.062,71.74,3.81
490805,1,24.656,70.62,1.65
490805,2,26.726,69.97,1.86
490805,3,37.346,65.87,1.99
490805,4,48.506,63.07,3.12
490805,5,59.054,64.3,3.62
490805,6,69.224,56.08,3.52
490805,7,74.246,48.14,3.27
490805,8,73.022,47.65,3.42
490805,9,66.146,45.79,2.71
490805,10,52.934,58.29,3
490805,11,40.604,63.32,2.03
490805,12,29.84,72.62,1.85
101675,1,42.008,56.43,3.73
101675,2,46.094,61.96,4.85
101675,3,54.14,58.25,4.16
101675,4,62.114,50.82,4.07
101675,5,70.25,52.49,3.69
101675,6,77.972,53.3,3.67
101675,7,81.032,55.71,3.9
101675,8,80.69,53.07,3.43
101675,9,75.002,46.32,3.08
101675,10,64.22,42.64,2.58
101675,11,52.484,46.14,3.4
101675,12,45.158,58.77,4.48
106485,1,41.234,55.87,3.21
106485,2,44.6,62.25,4.34
106485,3,53.87,59.15,4.21
106485,4,62.834,55.41,4.66
106485,5,71.456,57.84,4.32
106485,6,80.42,49.56,2.97
106485,7,83.858,48.49,2.9
106485,8,83.408,45.29,3.21
106485,9,76.712,40.64,2.64
106485,10,64.4,44.39,3.88
106485,11,52.538,49.57,3.37
106485,12,43.988,56.4,4.63
108092,1,34.7,55.42,2.06
108092,2,38.426,61.66,2.38
108092,3,48.344,59.53,3.36
108092,4,57.704,56.1,4.09
108092,5,66.29,58.01,4.88
108092,6,75.236,48.47,3.6
108092,7,80.276,45.6,3.18
108092,8,79.232,45.87,3.4
108092,9,71.384,41.13,3.21
108092,10,58.856,46,3.59
108092,11,47.498,49.69,2.55
108092,12,37.634,57.65,2.39
130183,1,25.628,62.11,2.45
130183,2,27.572,60.8,2.88
130183,3,35.132,60.47,3.13
130183,4,46.688,60.31,3.49
130183,5,57.776,62.49,3.07
130183,6,67.136,59.51,3.92
130183,7,73.652,54.68,3.27
130183,8,72.518,51.82,3.5
130183,9,65.624,49.02,3.53
130183,10,53.204,56.84,3.9
130183,11,41.72,58.25,2.95
130183,12,31.964,63.56,3.59
131113,1,31.694,61.72,2.35
131113,2,33.71,60.48,2.61
131113,3,41.342,60.08,2.97
131113,4,52.682,58.35,3.11
131113,5,62.78,60.58,3.06
131113,6,72.32,56.01,3.97
131113,7,77.72,52.97,3.82
131113,8,76.424,52.16,3.74
131113,9,69.818,50.08,3.45
131113,10,57.632,52.7,3.51
131113,11,46.04,54.35,2.85
131113,12,36.896,62.62,3.33
140960,1,47.498,55.52,2.05
140960,2,51.35,57.85,2.84
140960,3,58.172,53.18,2.63
140960,4,66.416,46.48,2.51
140960,5,74.588,48.34,2.85
140960,6,80.384,53.57,4.69
140960,7,82.706,53.29,4.4
140960,8,81.59,57.62,4.89
140960,9,76.73,53.64,3.24
140960,10,67.802,45.22,2.78
140960,11,57.452,46.3,1.98
140960,12,51.458,57.63,2.72
156082,1,28.328,56.25,0.92
156082,2,31.46,59.57,1.38
156082,3,43.862,59.42,2.03
156082,4,55.058,57.37,3.32
156082,5,65.066,57.19,4.53
156082,6,74.84,48.81,4.58
156082,7,79.484,44.8,3.27
156082,8,77.594,44.52,4.13
156082,9,68.864,40.81,3.02
156082,10,55.418,46.51,2.84
156082,11,43.304,50.17,1.37
156082,12,32.144,56.59,1.31
161563,1,17.474,63.21,2.44
161563,2,19.454,62.47,2.77
161563,3,28.85,61.23,2.79
161563,4,41.198,64.78,3.54
161563,5,52.682,67.41,3.13
161563,6,61.754,65.42,4.09
161563,7,68.252,58.32,2.91
161563,8,67.856,54.24,3.1
161563,9,60.818,51.79,3.16
161563,10,48.506,62.29,4.61
161563,11,36.554,64.05,3.87
161563,12,24.998,65.6,3.81
177940,1,27.896,62.52,1.73
177940,2,30.884,64.33,1.84
177940,3,42.872,63.15,2.65
177940,4,54.464,57.85,3.65
177940,5,64.418,60.3,3.96
177940,6,74.138,49.51,3.73
177940,7,78.494,45.55,3.52
177940,8,76.892,47.12,3.27
177940,9,68.954,43.93,2.99
177940,10,55.238,50.72,2.97
177940,11,43.178,54.3,2.28
177940,12,32.594,63.09,1.91
178387,1,28.238,60.35,1.03
178387,2,31.46,62.12,1.49
178387,3,43.79,61.65,2.22
178387,4,55.004,58.7,3.54
178387,5,64.904,58.95,4.56
178387,6,74.588,50.64,4.65
178387,7,79.052,45.21,3.5
178387,8,77.126,45.88,4.13
178387,9,68.648,42,3.03
178387,10,55.274,48.69,2.93
178387,11,43.34,53.42,1.56
178387,12,32.36,59.2,1.4
180179,1,15.854,64.7,0.41
180179,2,17.834,64.2,0.47
180179,3,31.442,66.56,0.78
180179,4,43.592,61.12,1.29
180179,5,56.066,60.07,2.36
180179,6,67.442,53.4,2.88
180179,7,74.858,43.8,1.99
180179,8,71.402,44.37,1.84
180179,9,61.16,47.47,1.57
180179,10,44.528,59.36,1.19
180179,11,31.532,62.75,0.43
180179,12,19.544,68.8,0.6
181783,1,22.82,63.43,0.6
181783,2,25.574,64.24,0.82
181783,3,38.57,62.64,1.34
181783,4,50.846,58.65,2.62
181783,5,61.934,60.33,3.89
181783,6,72.734,51.04,3.95
181783,7,77.864,46.44,2.39
181783,8,75.092,47.5,3.39
181783,9,66.614,42.7,2.71
181783,10,51.386,49.39,1.95
181783,11,38.57,52.05,1
181783,12,26.348,60.87,1.09
187897,1,34.898,43.59,0.44
187897,2,39.092,47.88,0.43
187897,3,47.57,43.1,0.34
187897,4,55.562,42.82,0.47
187897,5,65.138,38.84,0.42
187897,6,76.982,33.7,0.39
187897,7,79.196,52.37,1.66
187897,8,76.406,47.49,1.4
187897,9,69.026,35.76,1.12
187897,10,56.606,32.22,0.71
187897,11,44.024,35.62,0.5
187897,12,34.934,46,0.55
190558,1,29.93,61.79,2.63
190558,2,31.622,59.96,2.83
190558,3,38.804,60.11,3.31
190558,4,49.784,60.66,3.31
190558,5,60.116,63.04,3.17
190558,6,69.8,58.51,3.9
190558,7,75.884,53.65,3.76
190558,8,74.768,53.11,3.67
190558,9,68.252,50.77,3.25
190558,10,56.192,55.41,3.66
190558,11,44.942,56.66,3.03
190558,12,35.762,63.48,3.72
206862,1,36.95,47.68,1.04
206862,2,40.478,55.68,1.38
206862,3,51.458,54.71,1.99
206862,4,60.764,52.44,2.95
206862,5,69.764,54.91,4.16
206862,6,78.818,44.33,3.78
206862,7,83.768,38.9,2.74
206862,8,82.382,39.71,3.04
206862,9,74.12,38.26,2.57
206862,10,61.214,39.89,2.62
206862,11,49.478,42.81,1.31
206862,12,38.768,51.46,1.21
207661,1,36.014,52.54,1.44
207661,2,39.722,59.11,1.69
207661,3,50.63,57.92,2.48
207661,4,59.99,56.01,3.48
207661,5,68.864,56.92,4.65
207661,6,78.17,47.13,3.77
207661,7,83.516,43.38,2.99
207661,8,82.31,43.98,3.26
207661,9,74.012,40.96,2.85
207661,10,60.944,44.75,2.99
207661,11,49.244,47.99,1.79
207661,12,38.516,55.34,1.67
211644,1,25.322,82.47,2.24
211644,2,26.888,79.26,2.3
211644,3,35.888,73.29,2.51
211644,4,47.93,68.82,2.84
211644,5,59.036,68.98,3.1
211644,6,67.442,62.87,3.47
211644,7,72.374,59.15,3.07
211644,8,71.528,57.92,2.7
211644,9,64.562,56.43,2.96
211644,10,51.53,67.31,2.79
211644,11,39.83,72.19,2.31
211644,12,30.47,85.12,2.46
212832,1,28.04,65.78,2.5
212832,2,29.948,64.13,2.7
212832,3,38.012,62.93,3.12
212832,4,49.766,61.85,3.33
212832,5,60.476,64.09,3.28
212832,6,69.656,59.36,4.11
212832,7,75.308,54.49,4.05
212832,8,73.922,54.49,3.89
212832,9,67.136,52.19,3.67
212832,10,54.518,57.61,3.7
212832,11,42.998,59.58,2.91
212832,12,33.602,67.73,3.5
213613,1,25.124,73.67,2.23
213613,2,26.816,71.16,2.3
213613,3,35.672,68.35,2.52
213613,4,47.822,65.61,3.04
213613,5,59.198,66.27,3.42
213613,6,68.018,61.12,3.66
213613,7,73.328,56.04,3.78
213613,8,72.05,57.06,3.39
213613,9,64.886,56.23,3.91
213613,10,51.89,64.98,3.41
213613,11,40.1,68.51,2.51
213613,12,30.29,77.17,2.86
220598,1,37.202,60.23,3.35
220598,2,40.694,66.15,4.68
220598,3,50.09,60.82,4.32
220598,4,59.756,55.71,4.57
220598,5,68.414,56.94,4.55
220598,6,76.406,48,3.52
220598,7,79.952,50.56,3.69
220598,8,79.952,48.21,3.22
220598,9,73.382,42.9,3.24
220598,10,61.214,45.6,3.55
220598,11,49.046,49.3,3.57
220598,12,40.694,60.86,4.42
230171,1,45.788,47.18,0.59
230171,2,49.496,47.76,0.81
230171,3,57.65,45.09,0.38
230171,4,64.994,39.9,0.27
230171,5,75.29,34.72,0.11
230171,6,86.72,25.49,0.02
230171,7,92.318,38.25,0.49
230171,8,89.942,33.24,0.48
230171,9,82.166,24.11,0.29
230171,10,68.342,31.82,0.41
230171,11,55.112,38.84,0.41
230171,12,44.708,49.94,0.59
230737,1,24.926,59.58,1.82
230737,2,29.336,63.53,1.65
230737,3,38.138,63.33,1.74
230737,4,44.816,61.88,2.09
230737,5,55.202,56.4,1.73
230737,6,66.776,37.21,0.91
230737,7,76.424,38.54,0.61
230737,8,73.742,39,0.83
230737,9,63.752,34.55,1.27
230737,10,49.262,44.51,1.43
230737,11,36.572,54.69,1.53
230737,12,24.908,63.16,2.19
230834,1,16.754,76.61,1.87
230834,2,18.608,76.65,2.22
230834,3,28.4,70.02,2.29
230834,4,41.792,68.46,2.81
230834,5,54.734,69.43,3.17
230834,6,63.518,66.16,4.19
230834,7,68.522,60.82,3.61
230834,8,66.848,58.48,3.16
230834,9,59.846,55.73,2.85
230834,10,46.976,70.25,3.61
230834,11,34.934,73.74,2.52
230834,12,23.504,80.19,2.85
232672,1,29.408,60.95,1.92
232672,2,31.928,61.51,2.22
232672,3,40.406,60.88,2.39
232672,4,51.854,59.63,3.09
232672,5,61.448,63.59,3.69
232672,6,70.052,57.71,3.66
232672,7,74.534,57.72,3.27
232672,8,73.454,55.64,3.03
232672,9,66.452,52.1,3.46
232672,10,53.996,52.86,2.8
232672,11,42.368,54.02,2.46
232672,12,33.368,61.59,2.48
237385,1,27.536,78.12,2.71
237385,2,29.948,76.47,3
237385,3,38.534,70.29,2.95
237385,4,49.982,65.79,3.58
237385,5,59.522,68.67,4.04
237385,6,66.884,63,3.94
237385,7,70.574,63.12,4.17
237385,8,70.322,58.48,2.96
237385,9,64.634,54.54,2.96
237385,10,52.376,59.85,3.05
237385,11,41.018,62.23,2.61
237385,12,32.252,76.57,3.13
237783,1,27.986,78.37,2.69
237783,2,30.164,75.36,2.9
237783,3,39.02,70.09,2.81
237783,4,50.756,65.5,3.33
237783,5,60.566,66.28,3.74
237783,6,68.288,60.45,3.83
237783,7,72.428,58.75,3.85
237783,8,72.05,55.65,2.85
237783,9,65.894,51.63,2.88
237783,10,53.24,60.39,2.94
237783,11,41.63,64.42,2.48
237783,12,32.702,77.97,3.01
366252,1,25.124,73.67,2.23
366252,2,26.816,71.16,2.3
366252,3,35.672,68.35,2.52
366252,4,47.822,65.61,3.04
366252,5,59.198,66.27,3.42
366252,6,68.018,61.12,3.66
366252,7,73.328,56.04,3.78
366252,8,72.05,57.06,3.39
366252,9,64.886,56.23,3.91
366252,10,51.89,64.98,3.41
366252,11,40.1,68.51,2.51
366252,12,30.29,77.17,2.86
